32
1.0320334389263940977 1.0327622145684369759 1.0334965857927891353 1.0342324634105126702 1.0349648977111836068 1.0356880042516662943 1.0363949175664100011 1.0370777889495770285 1.0377278466871353579 1.03833553727529182 1.0388907629291694867 1.0393832228823463026 1.0398028531134602126 1.0401403420580714876 1.040387681227254113 1.0405386938243299522 1.0405894765405432345 1.0405386938243299522 1.040387681227254113 1.0401403420580714876 1.0398028531134602126 1.0393832228823463026 1.0388907629291694867 1.03833553727529182 1.0377278466871353579 1.0370777889495770285 1.0363949175664100011 1.0356880042516662943 1.0349648977111836068 1.0342324634105126702 1.0334965857927891353 1.0327622145684369759 1.0320334389263940977 
1.0327622145684369759 1.0335492868298172819 1.0343461825773956342 1.035148731918983378 1.0359517427201865303 1.0367488800649067304 1.0375325716683672095 1.0382939607512267077 1.0390229326998559056 1.0397082443848224553 1.0403377830727269515 1.0408989730933406737 1.0413793312002643798 1.0417671462507998026 1.0420522289267106775 1.0422266496566532368 1.0422853667145335343 1.0422266496566532368 1.0420522289267106775 1.0417671462507998026 1.0413793312002643798 1.0408989730933406737 1.0403377830727269515 1.0397082443848224553 1.0390229326998559056 1.0382939607512267077 1.0375325716683672095 1.0367488800649067304 1.0359517427201865303 1.035148731918983378 1.0343461825773956342 1.0335492868298172819 1.0327622145684369759 
1.0334965857927891353 1.0343461825773956342 1.0352107430616981354 1.0360861348151768624 1.0369670284668472959 1.0378467151464743079 1.0387169429831597522 1.0395678001933144063 1.040387681227254113 1.0411633794257031393 1.0418803511741225876 1.0425231883038208469 1.0430763135785228179 1.0435248772859448962 1.0438557852315260011 1.0440587405291565926 1.0441271494161363798 1.0440587405291565926 1.0438557852315260011 1.0435248772859448962 1.0430763135785228179 1.0425231883038208469 1.0418803511741225876 1.0411633794257031393 1.040387681227254113 1.0395678001933144063 1.0387169429831597522 1.0378467151464743079 1.0369670284668472959 1.0360861348151768624 1.0352107430616981354 1.0343461825773956342 1.0334965857927891353 
1.0342324634105126702 1.035148731918983378 1.0360861348151768624 1.0370407418283542622 1.0380072461881850732 1.0389787017854212881 1.0399462647811783533 1.0408989730933406737 1.0418236122786237452 1.0427047308874772824 1.0435248772859448962 1.0442651257787478603 1.0449059344429121321 1.0454283251529807863 1.0458153009009549805 1.046053332479867537 1.0461336837275458933 1.046053332479867537 1.0458153009009549805 1.0454283251529807863 1.0449059344429121321 1.0442651257787478603 1.0435248772859448962 1.0427047308874772824 1.0418236122786237452 1.0408989730933406737 1.0399462647811783533 1.0389787017854212881 1.0380072461881850732 1.0370407418283542622 1.0360861348151768624 1.035148731918983378 1.0342324634105126702 
1.0349648977111836068 1.0359517427201865303 1.0369670284668472959 1.0380072461881850732 1.0390673395968852422 1.0401403420580714876 1.0412169923647218717 1.0422853667145335343 1.0433305881222489919 1.0443347010838488487 1.0452768220913517538 1.0461336837275458933 1.0468806658634415285 1.0474933379320405802 1.0479494192959650789 1.0482309215479308495 1.0483261149779992127 1.0482309215479308495 1.0479494192959650789 1.0474933379320405802 1.0468806658634415285 1.0461336837275458933 1.0452768220913517538 1.0443347010838488487 1.0433305881222489919 1.0422853667145335343 1.0412169923647218717 1.0401403420580714876 1.0390673395968852422 1.0380072461881850732 1.0369670284668472959 1.0359517427201865303 1.0349648977111836068 
1.0356880042516662943 1.0367488800649067304 1.0378467151464743079 1.0389787017854212881 1.0401403420580714876 1.0413249661657406619 1.0425231883038208469 1.0437223373954616079 1.0449059344429121321 1.046053332479867537 1.0471396816478621972 1.0481364135733424181 1.0490124283224673274 1.049736082289737471 1.0502778992174774952 1.050613682073979982 1.0507274702592603877 1.050613682073979982 1.0502778992174774952 1.049736082289737471 1.0490124283224673274 1.0481364135733424181 1.0471396816478621972 1.046053332479867537 1.0449059344429121321 1.0437223373954616079 1.0425231883038208469 1.0413249661657406619 1.0401403420580714876 1.0389787017854212881 1.0378467151464743079 1.0367488800649067304 1.0356880042516662943 
1.0363949175664100011 1.0375325716683672095 1.0387169429831597522 1.0399462647811783533 1.0412169923647218717 1.0425231883038208469 1.0438557852315260011 1.0452017547728598146 1.0465432574319464276 1.0478569160342074973 1.0491134391569072459 1.0502778992174774952 1.0513109979696155794 1.0521715668773343744 1.0528202972671429904 1.0532242848364716803 1.0533615297914491471 1.0532242848364716803 1.0528202972671429904 1.0521715668773343744 1.0513109979696155794 1.0502778992174774952 1.0491134391569072459 1.0478569160342074973 1.0465432574319464276 1.0452017547728598146 1.0438557852315260011 1.0425231883038208469 1.0412169923647218717 1.0399462647811783533 1.0387169429831597522 1.0375325716683672095 1.0363949175664100011 
1.0370777889495770285 1.0382939607512267077 1.0395678001933144063 1.0408989730933406737 1.0422853667145335343 1.0437223373954616079 1.0452017547728598146 1.0467108487540306427 1.0482309215479308495 1.049736082289737471 1.0511922986653166046 1.05255721770723909 1.0537813229417785088 1.0548109523811406429 1.0555933692436754168 1.0560834077966441136 1.0562503852892037859 1.0560834077966441136 1.0555933692436754168 1.0548109523811406429 1.0537813229417785088 1.05255721770723909 1.0511922986653166046 1.049736082289737471 1.0482309215479308495 1.0467108487540306427 1.0452017547728598146 1.0437223373954616079 1.0422853667145335343 1.0408989730933406737 1.0395678001933144063 1.0382939607512267077 1.0370777889495770285 
1.0377278466871353579 1.0390229326998559056 1.040387681227254113 1.0418236122786237452 1.0433305881222489919 1.0449059344429121321 1.0465432574319464276 1.0482309215479308495 1.0499502115748979847 1.0516733232363058015 1.0533615297914491471 1.0549641517361092458 1.0564192378083248069 1.0576569607823209651 1.0586063599622861364 1.0592050181978582835 1.0594097334551701994 1.0592050181978582835 1.0586063599622861364 1.0576569607823209651 1.0564192378083248069 1.0549641517361092458 1.0533615297914491471 1.0516733232363058015 1.0499502115748979847 1.0482309215479308495 1.0465432574319464276 1.0449059344429121321 1.0433305881222489919 1.0418236122786237452 1.040387681227254113 1.0390229326998559056 1.0377278466871353579 
1.03833553727529182 1.0397082443848224553 1.0411633794257031393 1.0427047308874772824 1.0443347010838488487 1.046053332479867537 1.0478569160342074973 1.049736082289737471 1.0516733232363058015 1.0536400258226106263 1.0555933692436754168 1.0574738824442742047 1.0592050181978582835 1.0606965119040243639 1.0618530277805240392 1.0625880792323540991 1.0628404895801759622 1.0625880792323540991 1.0618530277805240392 1.0606965119040243639 1.0592050181978582835 1.0574738824442742047 1.0555933692436754168 1.0536400258226106263 1.0516733232363058015 1.049736082289737471 1.0478569160342074973 1.046053332479867537 1.0443347010838488487 1.0427047308874772824 1.0411633794257031393 1.0397082443848224553 1.03833553727529182 
1.0388907629291694867 1.0403377830727269515 1.0418803511741225876 1.0435248772859448962 1.0452768220913517538 1.0471396816478621972 1.0491134391569072459 1.0511922986653166046 1.0533615297914491471 1.0555933692436754168 1.0578422426429443526 1.0600402018857411068 1.0620944424967122544 1.063889776326771619 1.065299111492051809 1.0662030313368908718 1.0665149394133477401 1.0662030313368908718 1.065299111492051809 1.063889776326771619 1.0620944424967122544 1.0600402018857411068 1.0578422426429443526 1.0555933692436754168 1.0533615297914491471 1.0511922986653166046 1.0491134391569072459 1.0471396816478621972 1.0452768220913517538 1.0435248772859448962 1.0418803511741225876 1.0403377830727269515 1.0388907629291694867 
1.0393832228823463026 1.0408989730933406737 1.0425231883038208469 1.0442651257787478603 1.0461336837275458933 1.0481364135733424181 1.0502778992174774952 1.05255721770723909 1.0549641517361092458 1.0574738824442742047 1.0600402018857411068 1.0625880792323540991 1.0650078967230354188 1.0671556451330355131 1.0688645905084870336 1.0699718601021510622 1.0703560315285813864 1.0699718601021510622 1.0688645905084870336 1.0671556451330355131 1.0650078967230354188 1.0625880792323540991 1.0600402018857411068 1.0574738824442742047 1.0549641517361092458 1.05255721770723909 1.0502778992174774952 1.0481364135733424181 1.0461336837275458933 1.0442651257787478603 1.0425231883038208469 1.0408989730933406737 1.0393832228823463026 
1.0398028531134602126 1.0413793312002643798 1.0430763135785228179 1.0449059344429121321 1.0468806658634415285 1.0490124283224673274 1.0513109979696155794 1.0537813229417785088 1.0564192378083248069 1.0592050181978582835 1.0620944424967122544 1.0650078967230354188 1.0678200655517307016 1.0703560315285813864 1.0724027099838304711 1.0737432232151695732 1.0742110642291549105 1.0737432232151695732 1.0724027099838304711 1.0703560315285813864 1.0678200655517307016 1.0650078967230354188 1.0620944424967122544 1.0592050181978582835 1.0564192378083248069 1.0537813229417785088 1.0513109979696155794 1.0490124283224673274 1.0468806658634415285 1.0449059344429121321 1.0430763135785228179 1.0413793312002643798 1.0398028531134602126 
1.0401403420580714876 1.0417671462507998026 1.0435248772859448962 1.0454283251529807863 1.0474933379320405802 1.049736082289737471 1.0521715668773343744 1.0548109523811406429 1.0576569607823209651 1.0606965119040243639 1.063889776326771619 1.0671556451330355131 1.0703560315285813864 1.073286158091089959 1.0756837822063829435 1.0772710110882002255 1.077828218226639212 1.0772710110882002255 1.0756837822063829435 1.073286158091089959 1.0703560315285813864 1.0671556451330355131 1.063889776326771619 1.0606965119040243639 1.0576569607823209651 1.0548109523811406429 1.0521715668773343744 1.049736082289737471 1.0474933379320405802 1.0454283251529807863 1.0435248772859448962 1.0417671462507998026 1.0401403420580714876 
1.040387681227254113 1.0420522289267106775 1.0438557852315260011 1.0458153009009549805 1.0479494192959650789 1.0502778992174774952 1.0528202972671429904 1.0555933692436754168 1.0586063599622861364 1.0618530277805240392 1.065299111492051809 1.0688645905084870336 1.0724027099838304711 1.0756837822063829435 1.0784005733924224568 1.0802159108504960638 1.08085649986158705 1.0802159108504960638 1.0784005733924224568 1.0756837822063829435 1.0724027099838304711 1.0688645905084870336 1.065299111492051809 1.0618530277805240392 1.0586063599622861364 1.0555933692436754168 1.0528202972671429904 1.0502778992174774952 1.0479494192959650789 1.0458153009009549805 1.0438557852315260011 1.0420522289267106775 1.040387681227254113 
1.0405386938243299522 1.0422266496566532368 1.0440587405291565926 1.046053332479867537 1.0482309215479308495 1.050613682073979982 1.0532242848364716803 1.0560834077966441136 1.0592050181978582835 1.0625880792323540991 1.0662030313368908718 1.0699718601021510622 1.0737432232151695732 1.0772710110882002255 1.0802159108504960638 1.0821964099624896694 1.0828978094759136308 1.0821964099624896694 1.0802159108504960638 1.0772710110882002255 1.0737432232151695732 1.0699718601021510622 1.0662030313368908718 1.0625880792323540991 1.0592050181978582835 1.0560834077966441136 1.0532242848364716803 1.050613682073979982 1.0482309215479308495 1.046053332479867537 1.0440587405291565926 1.0422266496566532368 1.0405386938243299522 
1.0405894765405432345 1.0422853667145335343 1.0441271494161363798 1.0461336837275458933 1.0483261149779992127 1.0507274702592603877 1.0533615297914491471 1.0562503852892037859 1.0594097334551701994 1.0628404895801759622 1.0665149394133477401 1.0703560315285813864 1.0742110642291549105 1.077828218226639212 1.08085649986158705 1.0828978094759136308 1.083621689375681818 1.0828978094759136308 1.08085649986158705 1.077828218226639212 1.0742110642291549105 1.0703560315285813864 1.0665149394133477401 1.0628404895801759622 1.0594097334551701994 1.0562503852892037859 1.0533615297914491471 1.0507274702592603877 1.0483261149779992127 1.0461336837275458933 1.0441271494161363798 1.0422853667145335343 1.0405894765405432345 
1.0405386938243299522 1.0422266496566532368 1.0440587405291565926 1.046053332479867537 1.0482309215479308495 1.050613682073979982 1.0532242848364716803 1.0560834077966441136 1.0592050181978582835 1.0625880792323540991 1.0662030313368908718 1.0699718601021510622 1.0737432232151695732 1.0772710110882002255 1.0802159108504960638 1.0821964099624896694 1.0828978094759136308 1.0821964099624896694 1.0802159108504960638 1.0772710110882002255 1.0737432232151695732 1.0699718601021510622 1.0662030313368908718 1.0625880792323540991 1.0592050181978582835 1.0560834077966441136 1.0532242848364716803 1.050613682073979982 1.0482309215479308495 1.046053332479867537 1.0440587405291565926 1.0422266496566532368 1.0405386938243299522 
1.040387681227254113 1.0420522289267106775 1.0438557852315260011 1.0458153009009549805 1.0479494192959650789 1.0502778992174774952 1.0528202972671429904 1.0555933692436754168 1.0586063599622861364 1.0618530277805240392 1.065299111492051809 1.0688645905084870336 1.0724027099838304711 1.0756837822063829435 1.0784005733924224568 1.0802159108504960638 1.08085649986158705 1.0802159108504960638 1.0784005733924224568 1.0756837822063829435 1.0724027099838304711 1.0688645905084870336 1.065299111492051809 1.0618530277805240392 1.0586063599622861364 1.0555933692436754168 1.0528202972671429904 1.0502778992174774952 1.0479494192959650789 1.0458153009009549805 1.0438557852315260011 1.0420522289267106775 1.040387681227254113 
1.0401403420580714876 1.0417671462507998026 1.0435248772859448962 1.0454283251529807863 1.0474933379320405802 1.049736082289737471 1.0521715668773343744 1.0548109523811406429 1.0576569607823209651 1.0606965119040243639 1.063889776326771619 1.0671556451330355131 1.0703560315285813864 1.073286158091089959 1.0756837822063829435 1.0772710110882002255 1.077828218226639212 1.0772710110882002255 1.0756837822063829435 1.073286158091089959 1.0703560315285813864 1.0671556451330355131 1.063889776326771619 1.0606965119040243639 1.0576569607823209651 1.0548109523811406429 1.0521715668773343744 1.049736082289737471 1.0474933379320405802 1.0454283251529807863 1.0435248772859448962 1.0417671462507998026 1.0401403420580714876 
1.0398028531134602126 1.0413793312002643798 1.0430763135785228179 1.0449059344429121321 1.0468806658634415285 1.0490124283224673274 1.0513109979696155794 1.0537813229417785088 1.0564192378083248069 1.0592050181978582835 1.0620944424967122544 1.0650078967230354188 1.0678200655517307016 1.0703560315285813864 1.0724027099838304711 1.0737432232151695732 1.0742110642291549105 1.0737432232151695732 1.0724027099838304711 1.0703560315285813864 1.0678200655517307016 1.0650078967230354188 1.0620944424967122544 1.0592050181978582835 1.0564192378083248069 1.0537813229417785088 1.0513109979696155794 1.0490124283224673274 1.0468806658634415285 1.0449059344429121321 1.0430763135785228179 1.0413793312002643798 1.0398028531134602126 
1.0393832228823463026 1.0408989730933406737 1.0425231883038208469 1.0442651257787478603 1.0461336837275458933 1.0481364135733424181 1.0502778992174774952 1.05255721770723909 1.0549641517361092458 1.0574738824442742047 1.0600402018857411068 1.0625880792323540991 1.0650078967230354188 1.0671556451330355131 1.0688645905084870336 1.0699718601021510622 1.0703560315285813864 1.0699718601021510622 1.0688645905084870336 1.0671556451330355131 1.0650078967230354188 1.0625880792323540991 1.0600402018857411068 1.0574738824442742047 1.0549641517361092458 1.05255721770723909 1.0502778992174774952 1.0481364135733424181 1.0461336837275458933 1.0442651257787478603 1.0425231883038208469 1.0408989730933406737 1.0393832228823463026 
1.0388907629291694867 1.0403377830727269515 1.0418803511741225876 1.0435248772859448962 1.0452768220913517538 1.0471396816478621972 1.0491134391569072459 1.0511922986653166046 1.0533615297914491471 1.0555933692436754168 1.0578422426429443526 1.0600402018857411068 1.0620944424967122544 1.063889776326771619 1.065299111492051809 1.0662030313368908718 1.0665149394133477401 1.0662030313368908718 1.065299111492051809 1.063889776326771619 1.0620944424967122544 1.0600402018857411068 1.0578422426429443526 1.0555933692436754168 1.0533615297914491471 1.0511922986653166046 1.0491134391569072459 1.0471396816478621972 1.0452768220913517538 1.0435248772859448962 1.0418803511741225876 1.0403377830727269515 1.0388907629291694867 
1.03833553727529182 1.0397082443848224553 1.0411633794257031393 1.0427047308874772824 1.0443347010838488487 1.046053332479867537 1.0478569160342074973 1.049736082289737471 1.0516733232363058015 1.0536400258226106263 1.0555933692436754168 1.0574738824442742047 1.0592050181978582835 1.0606965119040243639 1.0618530277805240392 1.0625880792323540991 1.0628404895801759622 1.0625880792323540991 1.0618530277805240392 1.0606965119040243639 1.0592050181978582835 1.0574738824442742047 1.0555933692436754168 1.0536400258226106263 1.0516733232363058015 1.049736082289737471 1.0478569160342074973 1.046053332479867537 1.0443347010838488487 1.0427047308874772824 1.0411633794257031393 1.0397082443848224553 1.03833553727529182 
1.0377278466871353579 1.0390229326998559056 1.040387681227254113 1.0418236122786237452 1.0433305881222489919 1.0449059344429121321 1.0465432574319464276 1.0482309215479308495 1.0499502115748979847 1.0516733232363058015 1.0533615297914491471 1.0549641517361092458 1.0564192378083248069 1.0576569607823209651 1.0586063599622861364 1.0592050181978582835 1.0594097334551701994 1.0592050181978582835 1.0586063599622861364 1.0576569607823209651 1.0564192378083248069 1.0549641517361092458 1.0533615297914491471 1.0516733232363058015 1.0499502115748979847 1.0482309215479308495 1.0465432574319464276 1.0449059344429121321 1.0433305881222489919 1.0418236122786237452 1.040387681227254113 1.0390229326998559056 1.0377278466871353579 
1.0370777889495770285 1.0382939607512267077 1.0395678001933144063 1.0408989730933406737 1.0422853667145335343 1.0437223373954616079 1.0452017547728598146 1.0467108487540306427 1.0482309215479308495 1.049736082289737471 1.0511922986653166046 1.05255721770723909 1.0537813229417785088 1.0548109523811406429 1.0555933692436754168 1.0560834077966441136 1.0562503852892037859 1.0560834077966441136 1.0555933692436754168 1.0548109523811406429 1.0537813229417785088 1.05255721770723909 1.0511922986653166046 1.049736082289737471 1.0482309215479308495 1.0467108487540306427 1.0452017547728598146 1.0437223373954616079 1.0422853667145335343 1.0408989730933406737 1.0395678001933144063 1.0382939607512267077 1.0370777889495770285 
1.0363949175664100011 1.0375325716683672095 1.0387169429831597522 1.0399462647811783533 1.0412169923647218717 1.0425231883038208469 1.0438557852315260011 1.0452017547728598146 1.0465432574319464276 1.0478569160342074973 1.0491134391569072459 1.0502778992174774952 1.0513109979696155794 1.0521715668773343744 1.0528202972671429904 1.0532242848364716803 1.0533615297914491471 1.0532242848364716803 1.0528202972671429904 1.0521715668773343744 1.0513109979696155794 1.0502778992174774952 1.0491134391569072459 1.0478569160342074973 1.0465432574319464276 1.0452017547728598146 1.0438557852315260011 1.0425231883038208469 1.0412169923647218717 1.0399462647811783533 1.0387169429831597522 1.0375325716683672095 1.0363949175664100011 
1.0356880042516662943 1.0367488800649067304 1.0378467151464743079 1.0389787017854212881 1.0401403420580714876 1.0413249661657406619 1.0425231883038208469 1.0437223373954616079 1.0449059344429121321 1.046053332479867537 1.0471396816478621972 1.0481364135733424181 1.0490124283224673274 1.049736082289737471 1.0502778992174774952 1.050613682073979982 1.0507274702592603877 1.050613682073979982 1.0502778992174774952 1.049736082289737471 1.0490124283224673274 1.0481364135733424181 1.0471396816478621972 1.046053332479867537 1.0449059344429121321 1.0437223373954616079 1.0425231883038208469 1.0413249661657406619 1.0401403420580714876 1.0389787017854212881 1.0378467151464743079 1.0367488800649067304 1.0356880042516662943 
1.0349648977111836068 1.0359517427201865303 1.0369670284668472959 1.0380072461881850732 1.0390673395968852422 1.0401403420580714876 1.0412169923647218717 1.0422853667145335343 1.0433305881222489919 1.0443347010838488487 1.0452768220913517538 1.0461336837275458933 1.0468806658634415285 1.0474933379320405802 1.0479494192959650789 1.0482309215479308495 1.0483261149779992127 1.0482309215479308495 1.0479494192959650789 1.0474933379320405802 1.0468806658634415285 1.0461336837275458933 1.0452768220913517538 1.0443347010838488487 1.0433305881222489919 1.0422853667145335343 1.0412169923647218717 1.0401403420580714876 1.0390673395968852422 1.0380072461881850732 1.0369670284668472959 1.0359517427201865303 1.0349648977111836068 
1.0342324634105126702 1.035148731918983378 1.0360861348151768624 1.0370407418283542622 1.0380072461881850732 1.0389787017854212881 1.0399462647811783533 1.0408989730933406737 1.0418236122786237452 1.0427047308874772824 1.0435248772859448962 1.0442651257787478603 1.0449059344429121321 1.0454283251529807863 1.0458153009009549805 1.046053332479867537 1.0461336837275458933 1.046053332479867537 1.0458153009009549805 1.0454283251529807863 1.0449059344429121321 1.0442651257787478603 1.0435248772859448962 1.0427047308874772824 1.0418236122786237452 1.0408989730933406737 1.0399462647811783533 1.0389787017854212881 1.0380072461881850732 1.0370407418283542622 1.0360861348151768624 1.035148731918983378 1.0342324634105126702 
1.0334965857927891353 1.0343461825773956342 1.0352107430616981354 1.0360861348151768624 1.0369670284668472959 1.0378467151464743079 1.0387169429831597522 1.0395678001933144063 1.040387681227254113 1.0411633794257031393 1.0418803511741225876 1.0425231883038208469 1.0430763135785228179 1.0435248772859448962 1.0438557852315260011 1.0440587405291565926 1.0441271494161363798 1.0440587405291565926 1.0438557852315260011 1.0435248772859448962 1.0430763135785228179 1.0425231883038208469 1.0418803511741225876 1.0411633794257031393 1.040387681227254113 1.0395678001933144063 1.0387169429831597522 1.0378467151464743079 1.0369670284668472959 1.0360861348151768624 1.0352107430616981354 1.0343461825773956342 1.0334965857927891353 
1.0327622145684369759 1.0335492868298172819 1.0343461825773956342 1.035148731918983378 1.0359517427201865303 1.0367488800649067304 1.0375325716683672095 1.0382939607512267077 1.0390229326998559056 1.0397082443848224553 1.0403377830727269515 1.0408989730933406737 1.0413793312002643798 1.0417671462507998026 1.0420522289267106775 1.0422266496566532368 1.0422853667145335343 1.0422266496566532368 1.0420522289267106775 1.0417671462507998026 1.0413793312002643798 1.0408989730933406737 1.0403377830727269515 1.0397082443848224553 1.0390229326998559056 1.0382939607512267077 1.0375325716683672095 1.0367488800649067304 1.0359517427201865303 1.035148731918983378 1.0343461825773956342 1.0335492868298172819 1.0327622145684369759 
1.0320334389263940977 1.0327622145684369759 1.0334965857927891353 1.0342324634105126702 1.0349648977111836068 1.0356880042516662943 1.0363949175664100011 1.0370777889495770285 1.0377278466871353579 1.03833553727529182 1.0388907629291694867 1.0393832228823463026 1.0398028531134602126 1.0401403420580714876 1.040387681227254113 1.0405386938243299522 1.0405894765405432345 1.0405386938243299522 1.040387681227254113 1.0401403420580714876 1.0398028531134602126 1.0393832228823463026 1.0388907629291694867 1.03833553727529182 1.0377278466871353579 1.0370777889495770285 1.0363949175664100011 1.0356880042516662943 1.0349648977111836068 1.0342324634105126702 1.0334965857927891353 1.0327622145684369759 1.0320334389263940977 

1.0325416861805125635 1.0333025494858711912 1.0340706035391855622 1.0348416434299942956 1.0356105332019036602 1.0363711156896380228 1.0371161503462675846 1.0378372972513005834 1.0385251685681158307 1.0391694696068498605 1.0397592487156190888 1.0402832669035326774 1.0407304835596233872 1.0410906346133419476 1.0413548569816764022 1.0415162934244233117 1.0415706013899828086 1.0415162934244233117 1.0413548569816764022 1.0410906346133419476 1.0407304835596233872 1.0402832669035326774 1.0397592487156190888 1.0391694696068498605 1.0385251685681158307 1.0378372972513005834 1.0371161503462675846 1.0363711156896380228 1.0356105332019036602 1.0348416434299942956 1.0340706035391855622 1.0333025494858711912 1.0325416861805125635 
1.0333025494858711912 1.0341257751987344982 1.0349609259121232974 1.0358037526384709093 1.0366489017868625311 1.0374897711610773232 1.038318390203529562 1.0391253485279308144 1.0398998031002064657 1.0406295985097988588 1.0413015339179414465 1.0419018014067285005 1.0424166011899382855 1.0428329093653696535 1.0431393373893231846 1.0433269876164836809 1.043390187560720328 1.0433269876164836809 1.0431393373893231846 1.0428329093653696535 1.0424166011899382855 1.0419018014067285005 1.0413015339179414465 1.0406295985097988588 1.0398998031002064657 1.0391253485279308144 1.038318390203529562 1.0374897711610773232 1.0366489017868625311 1.0358037526384709093 1.0349609259121232974 1.0341257751987344982 1.0333025494858711912 
1.0340706035391855622 1.0349609259121232974 1.0358689512928080934 1.0367905316486170086 1.0377202292998113364 1.0386511009589722843 1.0395744958758132981 1.0404798984355552172 1.0413548569816764022 1.0421850505533023501 1.042954549452034696 1.0436463185024427158 1.0442429880174564083 1.0447278741840806404 1.045086171718950796 1.0453061801013319165 1.0453803810195549939 1.0453061801013319165 1.045086171718950796 1.0447278741840806404 1.0442429880174564083 1.0436463185024427158 1.042954549452034696 1.0421850505533023501 1.0413548569816764022 1.0404798984355552172 1.0395744958758132981 1.0386511009589722843 1.0377202292998113364 1.0367905316486170086 1.0358689512928080934 1.0349609259121232974 1.0340706035391855622 
1.0348416434299942956 1.0358037526384709093 1.0367905316486170086 1.0377981360799755084 1.038821246437974688 1.0398527593511535105 1.0408834728250899726 1.0419018014067285005 1.0428935760924797904 1.0438420035876316838 1.0447278741840806404 1.0455301076309175823 1.0462267005508167905 1.0467960784694028131 1.0472187617111980984 1.0474791458205403583 1.0475671101814756359 1.0474791458205403583 1.0472187617111980984 1.0467960784694028131 1.0462267005508167905 1.0455301076309175823 1.0447278741840806404 1.0438420035876316838 1.0428935760924797904 1.0419018014067285005 1.0408834728250899726 1.0398527593511535105 1.038821246437974688 1.0377981360799755084 1.0367905316486170086 1.0358037526384709093 1.0348416434299942956 
1.0356105332019036602 1.0366489017868625311 1.0377202292998113364 1.038821246437974688 1.0399470410345195148 1.0410906346133419476 1.0422425184648755891 1.043390187560720328 1.0445177397367286787 1.0456056427665689768 1.0466308058679616444 1.0475671101814756359 1.0483865333904165418 1.0490609250015023868 1.0495643425561340667 1.049875668245007887 1.0499810531061402052 1.049875668245007887 1.0495643425561340667 1.0490609250015023868 1.0483865333904165418 1.0475671101814756359 1.0466308058679616444 1.0456056427665689768 1.0445177397367286787 1.043390187560720328 1.0422425184648755891 1.0410906346133419476 1.0399470410345195148 1.038821246437974688 1.0377202292998113364 1.0366489017868625311 1.0356105332019036602 
1.0363711156896380228 1.0374897711610773232 1.0386511009589722843 1.0398527593511535105 1.0410906346133419476 1.0423582913443756315 1.0436463185024427158 1.0449416168183849329 1.0462267005508167905 1.0474791458205403583 1.0486713841807804304 1.0497710955261141397 1.0507424619175316227 1.0515484555279166479 1.0521541147053532494 1.0525304303337486012 1.0526581247265578423 1.0525304303337486012 1.0521541147053532494 1.0515484555279166479 1.0507424619175316227 1.0497710955261141397 1.0486713841807804304 1.0474791458205403583 1.0462267005508167905 1.0449416168183849329 1.0436463185024427158 1.0423582913443756315 1.0410906346133419476 1.0398527593511535105 1.0386511009589722843 1.0374897711610773232 1.0363711156896380228 
1.0371161503462675846 1.038318390203529562 1.0395744958758132981 1.0408834728250899726 1.0422425184648755891 1.0436463185024427158 1.045086171718950796 1.0465489592900996119 1.0480160278579349065 1.0494621408515436567 1.0508547688240310602 1.0521541147053532494 1.0533143468102310614 1.0542864470558124257 1.0550227759762611512 1.0554828905482722678 1.0556394837340041803 1.0554828905482722678 1.0550227759762611512 1.0542864470558124257 1.0533143468102310614 1.0521541147053532494 1.0508547688240310602 1.0494621408515436567 1.0480160278579349065 1.0465489592900996119 1.045086171718950796 1.0436463185024427158 1.0422425184648755891 1.0408834728250899726 1.0395744958758132981 1.038318390203529562 1.0371161503462675846 
1.0378372972513005834 1.0391253485279308144 1.0404798984355552172 1.0419018014067285005 1.043390187560720328 1.0449416168183849329 1.0465489592900996119 1.0481999803809649574 1.049875668245007887 1.0515484555279166479 1.0531806712854252517 1.0547238004617738305 1.0561193536485098399 1.0573021933191679711 1.058206793155887615 1.0587759778121452747 1.0589703949310129705 1.0587759778121452747 1.058206793155887615 1.0573021933191679711 1.0561193536485098399 1.0547238004617738305 1.0531806712854252517 1.0515484555279166479 1.049875668245007887 1.0481999803809649574 1.0465489592900996119 1.0449416168183849329 1.043390187560720328 1.0419018014067285005 1.0404798984355552172 1.0391253485279308144 1.0378372972513005834 
1.0385251685681158307 1.0398998031002064657 1.0413548569816764022 1.0428935760924797904 1.0445177397367286787 1.0462267005508167905 1.0480160278579349065 1.049875668245007887 1.0517875877764670811 1.0537229924829421002 1.0556394837340041803 1.0574789179373660364 1.059167241684653149 1.0606179123535364184 1.0617402124317405487 1.0624523359795372546 1.0626966592478046536 1.0624523359795372546 1.0617402124317405487 1.0606179123535364184 1.059167241684653149 1.0574789179373660364 1.0556394837340041803 1.0537229924829421002 1.0517875877764670811 1.049875668245007887 1.0480160278579349065 1.0462267005508167905 1.0445177397367286787 1.0428935760924797904 1.0413548569816764022 1.0398998031002064657 1.0385251685681158307 
1.0391694696068498605 1.0406295985097988588 1.0421850505533023501 1.0438420035876316838 1.0456056427665689768 1.0474791458205403583 1.0494621408515436567 1.0515484555279166479 1.0537229924829421002 1.0559576836898134644 1.058206793155887615 1.0604024614531439852 1.0624523359795372546 1.0642421110842990029 1.0656459513503648839 1.0665458251613744167 1.0668562426637606677 1.0665458251613744167 1.0656459513503648839 1.0642421110842990029 1.0624523359795372546 1.0604024614531439852 1.058206793155887615 1.0559576836898134644 1.0537229924829421002 1.0515484555279166479 1.0494621408515436567 1.0474791458205403583 1.0456056427665689768 1.0438420035876316838 1.0421850505533023501 1.0406295985097988588 1.0391694696068498605 
1.0397592487156190888 1.0413015339179414465 1.042954549452034696 1.0447278741840806404 1.0466308058679616444 1.0486713841807804304 1.0508547688240310602 1.0531806712854252517 1.0556394837340041803 1.058206793155887615 1.0608362718744841491 1.0634517490011012875 1.0659408324797279288 1.0681546068106126945 1.0699193857522462103 1.0710644806082338931 1.0714620891638113598 1.0710644806082338931 1.0699193857522462103 1.0681546068106126945 1.0659408324797279288 1.0634517490011012875 1.0608362718744841491 1.058206793155887615 1.0556394837340041803 1.0531806712854252517 1.0508547688240310602 1.0486713841807804304 1.0466308058679616444 1.0447278741840806404 1.042954549452034696 1.0413015339179414465 1.0397592487156190888 
1.0402832669035326774 1.0419018014067285005 1.0436463185024427158 1.0455301076309175823 1.0475671101814756359 1.0497710955261141397 1.0521541147053532494 1.0547238004617738305 1.0574789179373660364 1.0604024614531439852 1.0634517490011012875 1.0665458251613744167 1.0695527023121886856 1.0722829293751268143 1.0745002588803631571 1.0759596338562145146 1.0764703249781275574 1.0759596338562145146 1.0745002588803631571 1.0722829293751268143 1.0695527023121886856 1.0665458251613744167 1.0634517490011012875 1.0604024614531439852 1.0574789179373660364 1.0547238004617738305 1.0521541147053532494 1.0497710955261141397 1.0475671101814756359 1.0455301076309175823 1.0436463185024427158 1.0419018014067285005 1.0402832669035326774 
1.0407304835596233872 1.0424166011899382855 1.0442429880174564083 1.0462267005508167905 1.0483865333904165418 1.0507424619175316227 1.0533143468102310614 1.0561193536485098399 1.059167241684653149 1.0624523359795372546 1.0659408324797279288 1.0695527023121886856 1.0731400948902312109 1.0764703249781275574 1.0792307060925641071 1.0810767693930087852 1.081728523981301926 1.0810767693930087852 1.0792307060925641071 1.0764703249781275574 1.0731400948902312109 1.0695527023121886856 1.0659408324797279288 1.0624523359795372546 1.059167241684653149 1.0561193536485098399 1.0533143468102310614 1.0507424619175316227 1.0483865333904165418 1.0462267005508167905 1.0442429880174564083 1.0424166011899382855 1.0407304835596233872 
1.0410906346133419476 1.0428329093653696535 1.0447278741840806404 1.0467960784694028131 1.0490609250015023868 1.0515484555279166479 1.0542864470558124257 1.0573021933191679711 1.0606179123535364184 1.0642421110842990029 1.0681546068106126945 1.0722829293751268143 1.0764703249781275574 1.0804438070250648174 1.0838065894147679291 1.086093333841221753 1.0869082867704302764 1.086093333841221753 1.0838065894147679291 1.0804438070250648174 1.0764703249781275574 1.0722829293751268143 1.0681546068106126945 1.0642421110842990029 1.0606179123535364184 1.0573021933191679711 1.0542864470558124257 1.0515484555279166479 1.0490609250015023868 1.0467960784694028131 1.0447278741840806404 1.0428329093653696535 1.0410906346133419476 
1.0413548569816764022 1.0431393373893231846 1.045086171718950796 1.0472187617111980984 1.0495643425561340667 1.0521541147053532494 1.0550227759762611512 1.058206793155887615 1.0617402124317405487 1.0656459513503648839 1.0699193857522462103 1.0745002588803631571 1.0792307060925641071 1.0838065894147679291 1.0877522342409093881 1.0904767667487607063 1.0914562873834463552 1.0904767667487607063 1.0877522342409093881 1.0838065894147679291 1.0792307060925641071 1.0745002588803631571 1.0699193857522462103 1.0656459513503648839 1.0617402124317405487 1.058206793155887615 1.0550227759762611512 1.0521541147053532494 1.0495643425561340667 1.0472187617111980984 1.045086171718950796 1.0431393373893231846 1.0413548569816764022 
1.0415162934244233117 1.0433269876164836809 1.0453061801013319165 1.0474791458205403583 1.049875668245007887 1.0525304303337486012 1.0554828905482722678 1.0587759778121452747 1.0624523359795372546 1.0665458251613744167 1.0710644806082338931 1.0759596338562145146 1.0810767693930087852 1.086093333841221753 1.0904767667487607063 1.0935373489220205911 1.0946447786682527159 1.0935373489220205911 1.0904767667487607063 1.086093333841221753 1.0810767693930087852 1.0759596338562145146 1.0710644806082338931 1.0665458251613744167 1.0624523359795372546 1.0587759778121452747 1.0554828905482722678 1.0525304303337486012 1.049875668245007887 1.0474791458205403583 1.0453061801013319165 1.0433269876164836809 1.0415162934244233117 
1.0415706013899828086 1.043390187560720328 1.0453803810195549939 1.0475671101814756359 1.0499810531061402052 1.0526581247265578423 1.0556394837340041803 1.0589703949310129705 1.0626966592478046536 1.0668562426637606677 1.0714620891638113598 1.0764703249781275574 1.081728523981301926 1.0869082867704302764 1.0914562873834463552 1.0946447786682527159 1.0958012467913458288 1.0946447786682527159 1.0914562873834463552 1.0869082867704302764 1.081728523981301926 1.0764703249781275574 1.0714620891638113598 1.0668562426637606677 1.0626966592478046536 1.0589703949310129705 1.0556394837340041803 1.0526581247265578423 1.0499810531061402052 1.0475671101814756359 1.0453803810195549939 1.043390187560720328 1.0415706013899828086 
1.0415162934244233117 1.0433269876164836809 1.0453061801013319165 1.0474791458205403583 1.049875668245007887 1.0525304303337486012 1.0554828905482722678 1.0587759778121452747 1.0624523359795372546 1.0665458251613744167 1.0710644806082338931 1.0759596338562145146 1.0810767693930087852 1.086093333841221753 1.0904767667487607063 1.0935373489220205911 1.0946447786682527159 1.0935373489220205911 1.0904767667487607063 1.086093333841221753 1.0810767693930087852 1.0759596338562145146 1.0710644806082338931 1.0665458251613744167 1.0624523359795372546 1.0587759778121452747 1.0554828905482722678 1.0525304303337486012 1.049875668245007887 1.0474791458205403583 1.0453061801013319165 1.0433269876164836809 1.0415162934244233117 
1.0413548569816764022 1.0431393373893231846 1.045086171718950796 1.0472187617111980984 1.0495643425561340667 1.0521541147053532494 1.0550227759762611512 1.058206793155887615 1.0617402124317405487 1.0656459513503648839 1.0699193857522462103 1.0745002588803631571 1.0792307060925641071 1.0838065894147679291 1.0877522342409093881 1.0904767667487607063 1.0914562873834463552 1.0904767667487607063 1.0877522342409093881 1.0838065894147679291 1.0792307060925641071 1.0745002588803631571 1.0699193857522462103 1.0656459513503648839 1.0617402124317405487 1.058206793155887615 1.0550227759762611512 1.0521541147053532494 1.0495643425561340667 1.0472187617111980984 1.045086171718950796 1.0431393373893231846 1.0413548569816764022 
1.0410906346133419476 1.0428329093653696535 1.0447278741840806404 1.0467960784694028131 1.0490609250015023868 1.0515484555279166479 1.0542864470558124257 1.0573021933191679711 1.0606179123535364184 1.0642421110842990029 1.0681546068106126945 1.0722829293751268143 1.0764703249781275574 1.0804438070250648174 1.0838065894147679291 1.086093333841221753 1.0869082867704302764 1.086093333841221753 1.0838065894147679291 1.0804438070250648174 1.0764703249781275574 1.0722829293751268143 1.0681546068106126945 1.0642421110842990029 1.0606179123535364184 1.0573021933191679711 1.0542864470558124257 1.0515484555279166479 1.0490609250015023868 1.0467960784694028131 1.0447278741840806404 1.0428329093653696535 1.0410906346133419476 
1.0407304835596233872 1.0424166011899382855 1.0442429880174564083 1.0462267005508167905 1.0483865333904165418 1.0507424619175316227 1.0533143468102310614 1.0561193536485098399 1.059167241684653149 1.0624523359795372546 1.0659408324797279288 1.0695527023121886856 1.0731400948902312109 1.0764703249781275574 1.0792307060925641071 1.0810767693930087852 1.081728523981301926 1.0810767693930087852 1.0792307060925641071 1.0764703249781275574 1.0731400948902312109 1.0695527023121886856 1.0659408324797279288 1.0624523359795372546 1.059167241684653149 1.0561193536485098399 1.0533143468102310614 1.0507424619175316227 1.0483865333904165418 1.0462267005508167905 1.0442429880174564083 1.0424166011899382855 1.0407304835596233872 
1.0402832669035326774 1.0419018014067285005 1.0436463185024427158 1.0455301076309175823 1.0475671101814756359 1.0497710955261141397 1.0521541147053532494 1.0547238004617738305 1.0574789179373660364 1.0604024614531439852 1.0634517490011012875 1.0665458251613744167 1.0695527023121886856 1.0722829293751268143 1.0745002588803631571 1.0759596338562145146 1.0764703249781275574 1.0759596338562145146 1.0745002588803631571 1.0722829293751268143 1.0695527023121886856 1.0665458251613744167 1.0634517490011012875 1.0604024614531439852 1.0574789179373660364 1.0547238004617738305 1.0521541147053532494 1.0497710955261141397 1.0475671101814756359 1.0455301076309175823 1.0436463185024427158 1.0419018014067285005 1.0402832669035326774 
