32
1.0481125224324687739 1.0491139645789171464 1.0501097352001886875 1.0510934443492898627 1.0520579206295352925 1.052995242234477713 1.053896805563629524 1.054753437490212109 1.0555555555555555802 1.0562933774560998579 1.0569571771811174798 1.0575375802669471081 1.0580258853185660062 1.0584143939117764965 1.0586967270883749226 1.0588681047584462824 1.0589255650988789181 1.0588681047584462824 1.0586967270883749226 1.0584143939117764965 1.0580258853185660062 1.0575375802669471081 1.0569571771811174798 1.0562933774560998579 1.0555555555555555802 1.054753437490212109 1.053896805563629524 1.052995242234477713 1.0520579206295352925 1.0510934443492898627 1.0501097352001886875 1.0491139645789171464 1.0481125224324687739 
1.0491139645789171464 1.0501806619663320852 1.0512441628016058193 1.0522976360368490045 1.0533333333333332327 1.0543426097292813992 1.0553159875763347131 1.0562432720812797715 1.0571137249170825534 1.0579162990350758911 1.0586399329511388956 1.0592738965965848852 1.0598081738688343023 1.0602338601936833751 1.060543547891533267 1.0607316691565702449 1.0607947670116737449 1.0607316691565702449 1.060543547891533267 1.0602338601936833751 1.0598081738688343023 1.0592738965965848852 1.0586399329511388956 1.0579162990350758911 1.0571137249170825534 1.0562432720812797715 1.0553159875763347131 1.0543426097292813992 1.0533333333333332327 1.0522976360368490045 1.0512441628016058193 1.0501806619663320852 1.0491139645789171464 
1.0501097352001886875 1.0512441628016058193 1.0523782800878924704 1.0535048235936752548 1.0546154613679359358 1.0557007990859141877 1.0567504353839165532 1.0577530775765613402 1.0586967270883749226 1.0595689402145027636 1.0603571640283457889 1.0610491395327505959 1.0616333551361365473 1.0620995243776829575 1.0624390541054462567 1.0626454647646585983 1.0627147245589063651 1.0626454647646585983 1.0624390541054462567 1.0620995243776829575 1.0616333551361365473 1.0610491395327505959 1.0603571640283457889 1.0595689402145027636 1.0586967270883749226 1.0577530775765613402 1.0567504353839165532 1.0557007990859141877 1.0546154613679359358 1.0535048235936752548 1.0523782800878924704 1.0512441628016058193 1.0501097352001886875 
1.0510934443492898627 1.0522976360368490045 1.0535048235936752548 1.0547073293241477909 1.0558962410867092085 1.0570613990014550154 1.0581914373962646447 1.0592738965965848852 1.0602954175528178649 1.0612420282899499568 1.0620995243776829575 1.0628539361054709644 1.0634920634920634885 1.0640020480983092277 1.0643739399447023075 1.0646002110815344643 1.064676166676355562 1.0646002110815344643 1.0643739399447023075 1.0640020480983092277 1.0634920634920634885 1.0628539361054709644 1.0620995243776829575 1.0612420282899499568 1.0602954175528178649 1.0592738965965848852 1.0581914373962646447 1.0570613990014550154 1.0558962410867092085 1.0547073293241477909 1.0535048235936752548 1.0522976360368490045 1.0510934443492898627 
1.0520579206295352925 1.0533333333333332327 1.0546154613679359358 1.0558962410867092085 1.0571661950475028657 1.0584143939117764965 1.059628479399994383 1.0607947670116737449 1.0618984460590172869 1.0629238904244011632 1.0638550856814101842 1.064676166676355562 1.0653720450460613112 1.0659290901912199523 1.0663358126806659065 1.0665834892585230875 1.0666666666666666519 1.0665834892585230875 1.0663358126806659065 1.0659290901912199523 1.0653720450460613112 1.064676166676355562 1.0638550856814101842 1.0629238904244011632 1.0618984460590172869 1.0607947670116737449 1.059628479399994383 1.0584143939117764965 1.0571661950475028657 1.0558962410867092085 1.0546154613679359358 1.0533333333333332327 1.0520579206295352925 
1.052995242234477713 1.0543426097292813992 1.0557007990859141877 1.0570613990014550154 1.0584143939117764965 1.0597480953264295511 1.0610491395327505959 1.0623025751354664425 1.0634920634920634885 1.0646002110815344643 1.0656090441740164731 1.0665006224071755803 1.0672577696407090642 1.0678648798079048987 1.06830873594380793 1.0685792666498186154 1.068670160349947329 1.0685792666498186154 1.06830873594380793 1.0678648798079048987 1.0672577696407090642 1.0665006224071755803 1.0656090441740164731 1.0646002110815344643 1.0634920634920634885 1.0623025751354664425 1.0610491395327505959 1.0597480953264295511 1.0584143939117764965 1.0570613990014550154 1.0557007990859141877 1.0543426097292813992 1.052995242234477713 
1.053896805563629524 1.0553159875763347131 1.0567504353839165532 1.0581914373962646447 1.059628479399994383 1.0610491395327505959 1.0624390541054462567 1.06378198309799199 1.0650600048632354877 1.0662538659999938329 1.0673435029701474619 1.06830873594380793 1.0691301129820283133 1.0697898563453618337 1.0702728368926306413 1.0705674832033285071 1.0706665253337572796 1.0705674832033285071 1.0702728368926306413 1.0697898563453618337 1.0691301129820283133 1.06830873594380793 1.0673435029701474619 1.0662538659999938329 1.0650600048632354877 1.06378198309799199 1.0624390541054462567 1.0610491395327505959 1.059628479399994383 1.0581914373962646447 1.0567504353839165532 1.0553159875763347131 1.053896805563629524 
1.054753437490212109 1.0562432720812797715 1.0577530775765613402 1.0592738965965848852 1.0607947670116737449 1.0623025751354664425 1.06378198309799199 1.0652154650726024521 1.0665834892585230875 1.0678648798079048987 1.0690373830771329189 1.0700784441636848054 1.0709661727216466254 1.071680444076062777 1.0722040481431842629 1.0725237724293894548 1.0726312947603791059 1.0725237724293894548 1.0722040481431842629 1.071680444076062777 1.0709661727216466254 1.0700784441636848054 1.0690373830771329189 1.0678648798079048987 1.0665834892585230875 1.0652154650726024521 1.06378198309799199 1.0623025751354664425 1.0607947670116737449 1.0592738965965848852 1.0577530775765613402 1.0562432720812797715 1.054753437490212109 
1.0555555555555555802 1.0571137249170825534 1.0586967270883749226 1.0602954175528178649 1.0618984460590172869 1.0634920634920634885 1.0650600048632354877 1.0665834892585230875 1.068041381743977114 1.0694105608393804641 1.0706665253337572796 1.0717842536077553106 1.0727392967453308614 1.0735090461893295188 1.0740740740740739589 1.074419409624792987 1.0745355992499929787 1.074419409624792987 1.0740740740740739589 1.0735090461893295188 1.0727392967453308614 1.0717842536077553106 1.0706665253337572796 1.0694105608393804641 1.068041381743977114 1.0665834892585230875 1.0650600048632354877 1.0634920634920634885 1.0618984460590172869 1.0602954175528178649 1.0586967270883749226 1.0571137249170825534 1.0555555555555555802 
1.0562933774560998579 1.0579162990350758911 1.0595689402145027636 1.0612420282899499568 1.0629238904244011632 1.0646002110815344643 1.0662538659999938329 1.0678648798079048987 1.0694105608393804641 1.0708658671270312457 1.0722040481431842629 1.0733975843417573603 1.074419409624792987 1.0752443530644133496 1.0758506831984766539 1.0762215933966705617 1.0763464445751824705 1.0762215933966705617 1.0758506831984766539 1.0752443530644133496 1.074419409624792987 1.0733975843417573603 1.0722040481431842629 1.0708658671270312457 1.0694105608393804641 1.0678648798079048987 1.0662538659999938329 1.0646002110815344643 1.0629238904244011632 1.0612420282899499568 1.0595689402145027636 1.0579162990350758911 1.0562933774560998579 
1.0569571771811174798 1.0586399329511388956 1.0603571640283457889 1.0620995243776829575 1.0638550856814101842 1.0656090441740164731 1.0673435029701474619 1.0690373830771329189 1.0706665253337572796 1.0722040481431842629 1.0736210173832310133 1.0748874608402307906 1.0759737176397585756 1.0768520556938980803 1.0774984258292128469 1.0778941650449314071 1.0780274314640869715 1.0778941650449314071 1.0774984258292128469 1.0768520556938980803 1.0759737176397585756 1.0748874608402307906 1.0736210173832310133 1.0722040481431842629 1.0706665253337572796 1.0690373830771329189 1.0673435029701474619 1.0656090441740164731 1.0638550856814101842 1.0620995243776829575 1.0603571640283457889 1.0586399329511388956 1.0569571771811174798 
1.0575375802669471081 1.0592738965965848852 1.0610491395327505959 1.0628539361054709644 1.064676166676355562 1.0665006224071755803 1.06830873594380793 1.0700784441636848054 1.0717842536077553106 1.0733975843417573603 1.0748874608402307906 1.0762215933966705617 1.0773678470914211935 1.0782960292686272208 1.0789798503678789121 1.0793988445567217482 1.0795399981695859015 1.0793988445567217482 1.0789798503678789121 1.0782960292686272208 1.0773678470914211935 1.0762215933966705617 1.0748874608402307906 1.0733975843417573603 1.0717842536077553106 1.0700784441636848054 1.06830873594380793 1.0665006224071755803 1.064676166676355562 1.0628539361054709644 1.0610491395327505959 1.0592738965965848852 1.0575375802669471081 
1.0580258853185660062 1.0598081738688343023 1.0616333551361365473 1.0634920634920634885 1.0653720450460613112 1.0672577696407090642 1.0691301129820283133 1.0709661727216466254 1.0727392967453308614 1.074419409624792987 1.0759737176397585756 1.0773678470914211935 1.0785674201318387055 1.0795399981695859015 1.0802572353905128821 1.0806970043558403738 1.080845208345444286 1.0806970043558403738 1.0802572353905128821 1.0795399981695859015 1.0785674201318387055 1.0773678470914211935 1.0759737176397585756 1.074419409624792987 1.0727392967453308614 1.0709661727216466254 1.0691301129820283133 1.0672577696407090642 1.0653720450460613112 1.0634920634920634885 1.0616333551361365473 1.0598081738688343023 1.0580258853185660062 
1.0584143939117764965 1.0602338601936833751 1.0620995243776829575 1.0640020480983092277 1.0659290901912199523 1.0678648798079048987 1.0697898563453618337 1.071680444076062777 1.0735090461893295188 1.0752443530644133496 1.0768520556938980803 1.0782960292686272208 1.0795399981695859015 1.0805496124440236994 1.0812947681132922817 1.0817519119313288023 1.0819060155778601473 1.0817519119313288023 1.0812947681132922817 1.0805496124440236994 1.0795399981695859015 1.0782960292686272208 1.0768520556938980803 1.0752443530644133496 1.0735090461893295188 1.071680444076062777 1.0697898563453618337 1.0678648798079048987 1.0659290901912199523 1.0640020480983092277 1.0620995243776829575 1.0602338601936833751 1.0584143939117764965 
1.0586967270883749226 1.060543547891533267 1.0624390541054462567 1.0643739399447023075 1.0663358126806659065 1.06830873594380793 1.0702728368926306413 1.0722040481431842629 1.0740740740740739589 1.0758506831984766539 1.0774984258292128469 1.0789798503678789121 1.0802572353905128821 1.0812947681132922817 1.0820609939862217974 1.0825312614120230492 1.0826898230594723671 1.0825312614120230492 1.0820609939862217974 1.0812947681132922817 1.0802572353905128821 1.0789798503678789121 1.0774984258292128469 1.0758506831984766539 1.0740740740740739589 1.0722040481431842629 1.0702728368926306413 1.06830873594380793 1.0663358126806659065 1.0643739399447023075 1.0624390541054462567 1.060543547891533267 1.0586967270883749226 
1.0588681047584462824 1.0607316691565702449 1.0626454647646585983 1.0646002110815344643 1.0665834892585230875 1.0685792666498186154 1.0705674832033285071 1.0725237724293894548 1.074419409624792987 1.0762215933966705617 1.0778941650449314071 1.0793988445567217482 1.0806970043558403738 1.0817519119313288023 1.0825312614120230492 1.0830097075152920194 1.0831710482069074608 1.0830097075152920194 1.0825312614120230492 1.0817519119313288023 1.0806970043558403738 1.0793988445567217482 1.0778941650449314071 1.0762215933966705617 1.074419409624792987 1.0725237724293894548 1.0705674832033285071 1.0685792666498186154 1.0665834892585230875 1.0646002110815344643 1.0626454647646585983 1.0607316691565702449 1.0588681047584462824 
1.0589255650988789181 1.0607947670116737449 1.0627147245589063651 1.064676166676355562 1.0666666666666666519 1.068670160349947329 1.0706665253337572796 1.0726312947603791059 1.0745355992499929787 1.0763464445751824705 1.0780274314640869715 1.0795399981695859015 1.080845208345444286 1.0819060155778601473 1.0826898230594723671 1.0831710482069074608 1.0833333333333332593 1.0831710482069074608 1.0826898230594723671 1.0819060155778601473 1.080845208345444286 1.0795399981695859015 1.0780274314640869715 1.0763464445751824705 1.0745355992499929787 1.0726312947603791059 1.0706665253337572796 1.068670160349947329 1.0666666666666666519 1.064676166676355562 1.0627147245589063651 1.0607947670116737449 1.0589255650988789181 
1.0588681047584462824 1.0607316691565702449 1.0626454647646585983 1.0646002110815344643 1.0665834892585230875 1.0685792666498186154 1.0705674832033285071 1.0725237724293894548 1.074419409624792987 1.0762215933966705617 1.0778941650449314071 1.0793988445567217482 1.0806970043558403738 1.0817519119313288023 1.0825312614120230492 1.0830097075152920194 1.0831710482069074608 1.0830097075152920194 1.0825312614120230492 1.0817519119313288023 1.0806970043558403738 1.0793988445567217482 1.0778941650449314071 1.0762215933966705617 1.074419409624792987 1.0725237724293894548 1.0705674832033285071 1.0685792666498186154 1.0665834892585230875 1.0646002110815344643 1.0626454647646585983 1.0607316691565702449 1.0588681047584462824 
1.0586967270883749226 1.060543547891533267 1.0624390541054462567 1.0643739399447023075 1.0663358126806659065 1.06830873594380793 1.0702728368926306413 1.0722040481431842629 1.0740740740740739589 1.0758506831984766539 1.0774984258292128469 1.0789798503678789121 1.0802572353905128821 1.0812947681132922817 1.0820609939862217974 1.0825312614120230492 1.0826898230594723671 1.0825312614120230492 1.0820609939862217974 1.0812947681132922817 1.0802572353905128821 1.0789798503678789121 1.0774984258292128469 1.0758506831984766539 1.0740740740740739589 1.0722040481431842629 1.0702728368926306413 1.06830873594380793 1.0663358126806659065 1.0643739399447023075 1.0624390541054462567 1.060543547891533267 1.0586967270883749226 
1.0584143939117764965 1.0602338601936833751 1.0620995243776829575 1.0640020480983092277 1.0659290901912199523 1.0678648798079048987 1.0697898563453618337 1.071680444076062777 1.0735090461893295188 1.0752443530644133496 1.0768520556938980803 1.0782960292686272208 1.0795399981695859015 1.0805496124440236994 1.0812947681132922817 1.0817519119313288023 1.0819060155778601473 1.0817519119313288023 1.0812947681132922817 1.0805496124440236994 1.0795399981695859015 1.0782960292686272208 1.0768520556938980803 1.0752443530644133496 1.0735090461893295188 1.071680444076062777 1.0697898563453618337 1.0678648798079048987 1.0659290901912199523 1.0640020480983092277 1.0620995243776829575 1.0602338601936833751 1.0584143939117764965 
1.0580258853185660062 1.0598081738688343023 1.0616333551361365473 1.0634920634920634885 1.0653720450460613112 1.0672577696407090642 1.0691301129820283133 1.0709661727216466254 1.0727392967453308614 1.074419409624792987 1.0759737176397585756 1.0773678470914211935 1.0785674201318387055 1.0795399981695859015 1.0802572353905128821 1.0806970043558403738 1.080845208345444286 1.0806970043558403738 1.0802572353905128821 1.0795399981695859015 1.0785674201318387055 1.0773678470914211935 1.0759737176397585756 1.074419409624792987 1.0727392967453308614 1.0709661727216466254 1.0691301129820283133 1.0672577696407090642 1.0653720450460613112 1.0634920634920634885 1.0616333551361365473 1.0598081738688343023 1.0580258853185660062 
1.0575375802669471081 1.0592738965965848852 1.0610491395327505959 1.0628539361054709644 1.064676166676355562 1.0665006224071755803 1.06830873594380793 1.0700784441636848054 1.0717842536077553106 1.0733975843417573603 1.0748874608402307906 1.0762215933966705617 1.0773678470914211935 1.0782960292686272208 1.0789798503678789121 1.0793988445567217482 1.0795399981695859015 1.0793988445567217482 1.0789798503678789121 1.0782960292686272208 1.0773678470914211935 1.0762215933966705617 1.0748874608402307906 1.0733975843417573603 1.0717842536077553106 1.0700784441636848054 1.06830873594380793 1.0665006224071755803 1.064676166676355562 1.0628539361054709644 1.0610491395327505959 1.0592738965965848852 1.0575375802669471081 
1.0569571771811174798 1.0586399329511388956 1.0603571640283457889 1.0620995243776829575 1.0638550856814101842 1.0656090441740164731 1.0673435029701474619 1.0690373830771329189 1.0706665253337572796 1.0722040481431842629 1.0736210173832310133 1.0748874608402307906 1.0759737176397585756 1.0768520556938980803 1.0774984258292128469 1.0778941650449314071 1.0780274314640869715 1.0778941650449314071 1.0774984258292128469 1.0768520556938980803 1.0759737176397585756 1.0748874608402307906 1.0736210173832310133 1.0722040481431842629 1.0706665253337572796 1.0690373830771329189 1.0673435029701474619 1.0656090441740164731 1.0638550856814101842 1.0620995243776829575 1.0603571640283457889 1.0586399329511388956 1.0569571771811174798 
1.0562933774560998579 1.0579162990350758911 1.0595689402145027636 1.0612420282899499568 1.0629238904244011632 1.0646002110815344643 1.0662538659999938329 1.0678648798079048987 1.0694105608393804641 1.0708658671270312457 1.0722040481431842629 1.0733975843417573603 1.074419409624792987 1.0752443530644133496 1.0758506831984766539 1.0762215933966705617 1.0763464445751824705 1.0762215933966705617 1.0758506831984766539 1.0752443530644133496 1.074419409624792987 1.0733975843417573603 1.0722040481431842629 1.0708658671270312457 1.0694105608393804641 1.0678648798079048987 1.0662538659999938329 1.0646002110815344643 1.0629238904244011632 1.0612420282899499568 1.0595689402145027636 1.0579162990350758911 1.0562933774560998579 
1.0555555555555555802 1.0571137249170825534 1.0586967270883749226 1.0602954175528178649 1.0618984460590172869 1.0634920634920634885 1.0650600048632354877 1.0665834892585230875 1.068041381743977114 1.0694105608393804641 1.0706665253337572796 1.0717842536077553106 1.0727392967453308614 1.0735090461893295188 1.0740740740740739589 1.074419409624792987 1.0745355992499929787 1.074419409624792987 1.0740740740740739589 1.0735090461893295188 1.0727392967453308614 1.0717842536077553106 1.0706665253337572796 1.0694105608393804641 1.068041381743977114 1.0665834892585230875 1.0650600048632354877 1.0634920634920634885 1.0618984460590172869 1.0602954175528178649 1.0586967270883749226 1.0571137249170825534 1.0555555555555555802 
1.054753437490212109 1.0562432720812797715 1.0577530775765613402 1.0592738965965848852 1.0607947670116737449 1.0623025751354664425 1.06378198309799199 1.0652154650726024521 1.0665834892585230875 1.0678648798079048987 1.0690373830771329189 1.0700784441636848054 1.0709661727216466254 1.071680444076062777 1.0722040481431842629 1.0725237724293894548 1.0726312947603791059 1.0725237724293894548 1.0722040481431842629 1.071680444076062777 1.0709661727216466254 1.0700784441636848054 1.0690373830771329189 1.0678648798079048987 1.0665834892585230875 1.0652154650726024521 1.06378198309799199 1.0623025751354664425 1.0607947670116737449 1.0592738965965848852 1.0577530775765613402 1.0562432720812797715 1.054753437490212109 
1.053896805563629524 1.0553159875763347131 1.0567504353839165532 1.0581914373962646447 1.059628479399994383 1.0610491395327505959 1.0624390541054462567 1.06378198309799199 1.0650600048632354877 1.0662538659999938329 1.0673435029701474619 1.06830873594380793 1.0691301129820283133 1.0697898563453618337 1.0702728368926306413 1.0705674832033285071 1.0706665253337572796 1.0705674832033285071 1.0702728368926306413 1.0697898563453618337 1.0691301129820283133 1.06830873594380793 1.0673435029701474619 1.0662538659999938329 1.0650600048632354877 1.06378198309799199 1.0624390541054462567 1.0610491395327505959 1.059628479399994383 1.0581914373962646447 1.0567504353839165532 1.0553159875763347131 1.053896805563629524 
1.052995242234477713 1.0543426097292813992 1.0557007990859141877 1.0570613990014550154 1.0584143939117764965 1.0597480953264295511 1.0610491395327505959 1.0623025751354664425 1.0634920634920634885 1.0646002110815344643 1.0656090441740164731 1.0665006224071755803 1.0672577696407090642 1.0678648798079048987 1.06830873594380793 1.0685792666498186154 1.068670160349947329 1.0685792666498186154 1.06830873594380793 1.0678648798079048987 1.0672577696407090642 1.0665006224071755803 1.0656090441740164731 1.0646002110815344643 1.0634920634920634885 1.0623025751354664425 1.0610491395327505959 1.0597480953264295511 1.0584143939117764965 1.0570613990014550154 1.0557007990859141877 1.0543426097292813992 1.052995242234477713 
1.0520579206295352925 1.0533333333333332327 1.0546154613679359358 1.0558962410867092085 1.0571661950475028657 1.0584143939117764965 1.059628479399994383 1.0607947670116737449 1.0618984460590172869 1.0629238904244011632 1.0638550856814101842 1.064676166676355562 1.0653720450460613112 1.0659290901912199523 1.0663358126806659065 1.0665834892585230875 1.0666666666666666519 1.0665834892585230875 1.0663358126806659065 1.0659290901912199523 1.0653720450460613112 1.064676166676355562 1.0638550856814101842 1.0629238904244011632 1.0618984460590172869 1.0607947670116737449 1.059628479399994383 1.0584143939117764965 1.0571661950475028657 1.0558962410867092085 1.0546154613679359358 1.0533333333333332327 1.0520579206295352925 
1.0510934443492898627 1.0522976360368490045 1.0535048235936752548 1.0547073293241477909 1.0558962410867092085 1.0570613990014550154 1.0581914373962646447 1.0592738965965848852 1.0602954175528178649 1.0612420282899499568 1.0620995243776829575 1.0628539361054709644 1.0634920634920634885 1.0640020480983092277 1.0643739399447023075 1.0646002110815344643 1.064676166676355562 1.0646002110815344643 1.0643739399447023075 1.0640020480983092277 1.0634920634920634885 1.0628539361054709644 1.0620995243776829575 1.0612420282899499568 1.0602954175528178649 1.0592738965965848852 1.0581914373962646447 1.0570613990014550154 1.0558962410867092085 1.0547073293241477909 1.0535048235936752548 1.0522976360368490045 1.0510934443492898627 
1.0501097352001886875 1.0512441628016058193 1.0523782800878924704 1.0535048235936752548 1.0546154613679359358 1.0557007990859141877 1.0567504353839165532 1.0577530775765613402 1.0586967270883749226 1.0595689402145027636 1.0603571640283457889 1.0610491395327505959 1.0616333551361365473 1.0620995243776829575 1.0624390541054462567 1.0626454647646585983 1.0627147245589063651 1.0626454647646585983 1.0624390541054462567 1.0620995243776829575 1.0616333551361365473 1.0610491395327505959 1.0603571640283457889 1.0595689402145027636 1.0586967270883749226 1.0577530775765613402 1.0567504353839165532 1.0557007990859141877 1.0546154613679359358 1.0535048235936752548 1.0523782800878924704 1.0512441628016058193 1.0501097352001886875 
1.0491139645789171464 1.0501806619663320852 1.0512441628016058193 1.0522976360368490045 1.0533333333333332327 1.0543426097292813992 1.0553159875763347131 1.0562432720812797715 1.0571137249170825534 1.0579162990350758911 1.0586399329511388956 1.0592738965965848852 1.0598081738688343023 1.0602338601936833751 1.060543547891533267 1.0607316691565702449 1.0607947670116737449 1.0607316691565702449 1.060543547891533267 1.0602338601936833751 1.0598081738688343023 1.0592738965965848852 1.0586399329511388956 1.0579162990350758911 1.0571137249170825534 1.0562432720812797715 1.0553159875763347131 1.0543426097292813992 1.0533333333333332327 1.0522976360368490045 1.0512441628016058193 1.0501806619663320852 1.0491139645789171464 
1.0481125224324687739 1.0491139645789171464 1.0501097352001886875 1.0510934443492898627 1.0520579206295352925 1.052995242234477713 1.053896805563629524 1.054753437490212109 1.0555555555555555802 1.0562933774560998579 1.0569571771811174798 1.0575375802669471081 1.0580258853185660062 1.0584143939117764965 1.0586967270883749226 1.0588681047584462824 1.0589255650988789181 1.0588681047584462824 1.0586967270883749226 1.0584143939117764965 1.0580258853185660062 1.0575375802669471081 1.0569571771811174798 1.0562933774560998579 1.0555555555555555802 1.054753437490212109 1.053896805563629524 1.052995242234477713 1.0520579206295352925 1.0510934443492898627 1.0501097352001886875 1.0491139645789171464 1.0481125224324687739 

1.0491139645789171464 1.0501806619663320852 1.0512441628016058193 1.0522976360368490045 1.0533333333333332327 1.0543426097292813992 1.0553159875763347131 1.0562432720812797715 1.0571137249170825534 1.0579162990350758911 1.0586399329511388956 1.0592738965965848852 1.0598081738688343023 1.0602338601936833751 1.060543547891533267 1.0607316691565702449 1.0607947670116737449 1.0607316691565702449 1.060543547891533267 1.0602338601936833751 1.0598081738688343023 1.0592738965965848852 1.0586399329511388956 1.0579162990350758911 1.0571137249170825534 1.0562432720812797715 1.0553159875763347131 1.0543426097292813992 1.0533333333333332327 1.0522976360368490045 1.0512441628016058193 1.0501806619663320852 1.0491139645789171464 
1.0501806619663320852 1.0513200239279667514 1.0524592983576421812 1.0535911914038760262 1.0547073293241477909 1.0557982633758249413 1.0568535243614960439 1.0578617382136994429 1.0588108121854975519 1.0596881974714460473 1.0604812282168685211 1.0611775290321499021 1.0617654739482773607 1.0622346704012448626 1.0625764339285241888 1.0627842145797348206 1.0628539361054709644 1.0627842145797348206 1.0625764339285241888 1.0622346704012448626 1.0617654739482773607 1.0611775290321499021 1.0604812282168685211 1.0596881974714460473 1.0588108121854975519 1.0578617382136994429 1.0568535243614960439 1.0557982633758249413 1.0547073293241477909 1.0535911914038760262 1.0524592983576421812 1.0513200239279667514 1.0501806619663320852 
1.0512441628016058193 1.0524592983576421812 1.0536779788152317305 1.0548924646395079208 1.0560937549215561049 1.0572715706116744272 1.0584143939117764965 1.0595095790236601641 1.060543547891533267 1.0615020805352590738 1.0623707026299984424 1.0631351631747170128 1.06378198309799199 1.0642990429560550414 1.064676166676355562 1.0649056511348313769 1.0649826905104773367 1.0649056511348313769 1.064676166676355562 1.0642990429560550414 1.06378198309799199 1.0631351631747170128 1.0623707026299984424 1.0615020805352590738 1.060543547891533267 1.0595095790236601641 1.0584143939117764965 1.0572715706116744272 1.0560937549215561049 1.0548924646395079208 1.0536779788152317305 1.0524592983576421812 1.0512441628016058193 
1.0522976360368490045 1.0535911914038760262 1.0548924646395079208 1.0561933002614787291 1.0574840818078969917 1.0587536865652309448 1.0599895027554462335 1.0611775290321499021 1.0623025751354664425 1.0633485784194105506 1.0642990429560550414 1.0651375958328042071 1.0658486397766393505 1.0664180641848957087 1.0668339609489447817 1.0670872807235503021 1.067172362914650563 1.0670872807235503021 1.0668339609489447817 1.0664180641848957087 1.0658486397766393505 1.0651375958328042071 1.0642990429560550414 1.0633485784194105506 1.0623025751354664425 1.0611775290321499021 1.0599895027554462335 1.0587536865652309448 1.0574840818078969917 1.0561933002614787291 1.0548924646395079208 1.0535911914038760262 1.0522976360368490045 
1.0533333333333332327 1.0547073293241477909 1.0560937549215561049 1.0574840818078969917 1.0588681047584462824 1.0602338601936833751 1.0615676128719480076 1.0628539361054709644 1.064075910844294981 1.0652154650726024521 1.0662538659999938329 1.067172362914650563 1.0679529588583500654 1.0685792666498186154 1.0690373830771329189 1.0693166993213381044 1.0694105608393804641 1.0693166993213381044 1.0690373830771329189 1.0685792666498186154 1.0679529588583500654 1.067172362914650563 1.0662538659999938329 1.0652154650726024521 1.064075910844294981 1.0628539361054709644 1.0615676128719480076 1.0602338601936833751 1.0588681047584462824 1.0574840818078969917 1.0560937549215561049 1.0547073293241477909 1.0533333333333332327 
1.0543426097292813992 1.0557982633758249413 1.0572715706116744272 1.0587536865652309448 1.0602338601936833751 1.061699308451033108 1.0631351631747170128 1.0645245224661104011 1.0658486397766393505 1.0670872807235503021 1.0682192680128868023 1.0692232175534885918 1.0700784441636848054 1.0707659856579032631 1.0712696645099797355 1.0715770836126692345 1.071680444076062777 1.0715770836126692345 1.0712696645099797355 1.0707659856579032631 1.0700784441636848054 1.0692232175534885918 1.0682192680128868023 1.0670872807235503021 1.0658486397766393505 1.0645245224661104011 1.0631351631747170128 1.061699308451033108 1.0602338601936833751 1.0587536865652309448 1.0572715706116744272 1.0557982633758249413 1.0543426097292813992 
1.0553159875763347131 1.0568535243614960439 1.0584143939117764965 1.0599895027554462335 1.0615676128719480076 1.0631351631747170128 1.064676166676355562 1.0661722222647287417 1.0676026835417857797 1.0689450253326691076 1.0701754385964912242 1.0712696645099797355 1.0722040481431842629 1.0729567540219444588 1.0735090461893295188 1.0738465034162281153 1.0739600261633639455 1.0738465034162281153 1.0735090461893295188 1.0729567540219444588 1.0722040481431842629 1.0712696645099797355 1.0701754385964912242 1.0689450253326691076 1.0676026835417857797 1.0661722222647287417 1.064676166676355562 1.0631351631747170128 1.0615676128719480076 1.0599895027554462335 1.0584143939117764965 1.0568535243614960439 1.0553159875763347131 
1.0562432720812797715 1.0578617382136994429 1.0595095790236601641 1.0611775290321499021 1.0628539361054709644 1.0645245224661104011 1.0661722222647287417 1.0677771423700466169 1.0693166993213381044 1.0707659856579032631 1.072098409391450069 1.0732866279905750595 1.0743037616767137088 1.0751248226425347276 1.075728244566275249 1.0760973527380466308 1.0762215933966705617 1.0760973527380466308 1.075728244566275249 1.0751248226425347276 1.0743037616767137088 1.0732866279905750595 1.072098409391450069 1.0707659856579032631 1.0693166993213381044 1.0677771423700466169 1.0661722222647287417 1.0645245224661104011 1.0628539361054709644 1.0611775290321499021 1.0595095790236601641 1.0578617382136994429 1.0562432720812797715 
1.0571137249170825534 1.0588108121854975519 1.060543547891533267 1.0623025751354664425 1.064075910844294981 1.0658486397766393505 1.0676026835417857797 1.0693166993213381044 1.0709661727216466254 1.0725237724293894548 1.0739600261633639455 1.0752443530644133496 1.0763464445751824705 1.0772379261817990326 1.0778941650449314071 1.0782960292686272208 1.0784313725490195512 1.0782960292686272208 1.0778941650449314071 1.0772379261817990326 1.0763464445751824705 1.0752443530644133496 1.0739600261633639455 1.0725237724293894548 1.0709661727216466254 1.0693166993213381044 1.0676026835417857797 1.0658486397766393505 1.064075910844294981 1.0623025751354664425 1.060543547891533267 1.0588108121854975519 1.0571137249170825534 
1.0579162990350758911 1.0596881974714460473 1.0615020805352590738 1.0633485784194105506 1.0652154650726024521 1.0670872807235503021 1.0689450253326691076 1.0707659856579032631 1.0725237724293894548 1.074188651209954326 1.075728244566275249 1.0771086575954986753 1.0782960292686272208 1.0792584397703686161 1.0799680191872089718 1.0804030252207370566 1.0805496124440236994 1.0804030252207370566 1.0799680191872089718 1.0792584397703686161 1.0782960292686272208 1.0771086575954986753 1.075728244566275249 1.074188651209954326 1.0725237724293894548 1.0707659856579032631 1.0689450253326691076 1.0670872807235503021 1.0652154650726024521 1.0633485784194105506 1.0615020805352590738 1.0596881974714460473 1.0579162990350758911 
1.0586399329511388956 1.0604812282168685211 1.0623707026299984424 1.0642990429560550414 1.0662538659999938329 1.0682192680128868023 1.0701754385964912242 1.072098409391450069 1.0739600261633639455 1.075728244566275249 1.0773678470914211935 1.0788416527985442706 1.0801122357501480309 1.0811440825933580356 1.0819060155778601473 1.0823736084286954551 1.0825312614120230492 1.0823736084286954551 1.0819060155778601473 1.0811440825933580356 1.0801122357501480309 1.0788416527985442706 1.0773678470914211935 1.075728244566275249 1.0739600261633639455 1.072098409391450069 1.0701754385964912242 1.0682192680128868023 1.0662538659999938329 1.0642990429560550414 1.0623707026299984424 1.0604812282168685211 1.0586399329511388956 
1.0592738965965848852 1.0611775290321499021 1.0631351631747170128 1.0651375958328042071 1.067172362914650563 1.0692232175534885918 1.0712696645099797355 1.0732866279905750595 1.0752443530644133496 1.0771086575954986753 1.0788416527985442706 1.0804030252207370566 1.0817519119313288023 1.0828493021334932855 1.0836607740184212023 1.0841592537463737855 1.0843274042711568139 1.0841592537463737855 1.0836607740184212023 1.0828493021334932855 1.0817519119313288023 1.0804030252207370566 1.0788416527985442706 1.0771086575954986753 1.0752443530644133496 1.0732866279905750595 1.0712696645099797355 1.0692232175534885918 1.067172362914650563 1.0651375958328042071 1.0631351631747170128 1.0611775290321499021 1.0592738965965848852 
1.0598081738688343023 1.0617654739482773607 1.06378198309799199 1.0658486397766393505 1.0679529588583500654 1.0700784441636848054 1.0722040481431842629 1.0743037616767137088 1.0763464445751824705 1.0782960292686272208 1.0801122357501480309 1.0817519119313288023 1.0831710482069074608 1.0843274042711568139 1.0851835419999920074 1.0857099128710967495 1.0858875501867775171 1.0857099128710967495 1.0851835419999920074 1.0843274042711568139 1.0831710482069074608 1.0817519119313288023 1.0801122357501480309 1.0782960292686272208 1.0763464445751824705 1.0743037616767137088 1.0722040481431842629 1.0700784441636848054 1.0679529588583500654 1.0658486397766393505 1.06378198309799199 1.0617654739482773607 1.0598081738688343023 
1.0602338601936833751 1.0622346704012448626 1.0642990429560550414 1.0664180641848957087 1.0685792666498186154 1.0707659856579032631 1.0729567540219444588 1.0751248226425347276 1.0772379261817990326 1.0792584397703686161 1.0811440825933580356 1.0828493021334932855 1.0843274042711568139 1.085533373213277919 1.0864271631402886431 1.0869770764071255975 1.0871627267280818963 1.0869770764071255975 1.0864271631402886431 1.085533373213277919 1.0843274042711568139 1.0828493021334932855 1.0811440825933580356 1.0792584397703686161 1.0772379261817990326 1.0751248226425347276 1.0729567540219444588 1.0707659856579032631 1.0685792666498186154 1.0664180641848957087 1.0642990429560550414 1.0622346704012448626 1.0602338601936833751 
1.060543547891533267 1.0625764339285241888 1.064676166676355562 1.0668339609489447817 1.0690373830771329189 1.0712696645099797355 1.0735090461893295188 1.075728244566275249 1.0778941650449314071 1.0799680191872089718 1.0819060155778601473 1.0836607740184212023 1.0851835419999920074 1.0864271631402886431 1.08734957094405571 1.0879173964527715235 1.0881091467273453777 1.0879173964527715235 1.08734957094405571 1.0864271631402886431 1.0851835419999920074 1.0836607740184212023 1.0819060155778601473 1.0799680191872089718 1.0778941650449314071 1.075728244566275249 1.0735090461893295188 1.0712696645099797355 1.0690373830771329189 1.0668339609489447817 1.064676166676355562 1.0625764339285241888 1.060543547891533267 
1.0607316691565702449 1.0627842145797348206 1.0649056511348313769 1.0670872807235503021 1.0693166993213381044 1.0715770836126692345 1.0738465034162281153 1.0760973527380466308 1.0782960292686272208 1.0804030252207370566 1.0823736084286954551 1.0841592537463737855 1.0857099128710967495 1.0869770764071255975 1.0879173964527715235 1.0884964415466629184 1.0886920140316984629 1.0884964415466629184 1.0879173964527715235 1.0869770764071255975 1.0857099128710967495 1.0841592537463737855 1.0823736084286954551 1.0804030252207370566 1.0782960292686272208 1.0760973527380466308 1.0738465034162281153 1.0715770836126692345 1.0693166993213381044 1.0670872807235503021 1.0649056511348313769 1.0627842145797348206 1.0607316691565702449 
1.0607947670116737449 1.0628539361054709644 1.0649826905104773367 1.067172362914650563 1.0694105608393804641 1.071680444076062777 1.0739600261633639455 1.0762215933966705617 1.0784313725490195512 1.0805496124440236994 1.0825312614120230492 1.0843274042711568139 1.0858875501867775171 1.0871627267280818963 1.0881091467273453777 1.0886920140316984629 1.0888888888888887951 1.0886920140316984629 1.0881091467273453777 1.0871627267280818963 1.0858875501867775171 1.0843274042711568139 1.0825312614120230492 1.0805496124440236994 1.0784313725490195512 1.0762215933966705617 1.0739600261633639455 1.071680444076062777 1.0694105608393804641 1.067172362914650563 1.0649826905104773367 1.0628539361054709644 1.0607947670116737449 
1.0607316691565702449 1.0627842145797348206 1.0649056511348313769 1.0670872807235503021 1.0693166993213381044 1.0715770836126692345 1.0738465034162281153 1.0760973527380466308 1.0782960292686272208 1.0804030252207370566 1.0823736084286954551 1.0841592537463737855 1.0857099128710967495 1.0869770764071255975 1.0879173964527715235 1.0884964415466629184 1.0886920140316984629 1.0884964415466629184 1.0879173964527715235 1.0869770764071255975 1.0857099128710967495 1.0841592537463737855 1.0823736084286954551 1.0804030252207370566 1.0782960292686272208 1.0760973527380466308 1.0738465034162281153 1.0715770836126692345 1.0693166993213381044 1.0670872807235503021 1.0649056511348313769 1.0627842145797348206 1.0607316691565702449 
1.060543547891533267 1.0625764339285241888 1.064676166676355562 1.0668339609489447817 1.0690373830771329189 1.0712696645099797355 1.0735090461893295188 1.075728244566275249 1.0778941650449314071 1.0799680191872089718 1.0819060155778601473 1.0836607740184212023 1.0851835419999920074 1.0864271631402886431 1.08734957094405571 1.0879173964527715235 1.0881091467273453777 1.0879173964527715235 1.08734957094405571 1.0864271631402886431 1.0851835419999920074 1.0836607740184212023 1.0819060155778601473 1.0799680191872089718 1.0778941650449314071 1.075728244566275249 1.0735090461893295188 1.0712696645099797355 1.0690373830771329189 1.0668339609489447817 1.064676166676355562 1.0625764339285241888 1.060543547891533267 
1.0602338601936833751 1.0622346704012448626 1.0642990429560550414 1.0664180641848957087 1.0685792666498186154 1.0707659856579032631 1.0729567540219444588 1.0751248226425347276 1.0772379261817990326 1.0792584397703686161 1.0811440825933580356 1.0828493021334932855 1.0843274042711568139 1.085533373213277919 1.0864271631402886431 1.0869770764071255975 1.0871627267280818963 1.0869770764071255975 1.0864271631402886431 1.085533373213277919 1.0843274042711568139 1.0828493021334932855 1.0811440825933580356 1.0792584397703686161 1.0772379261817990326 1.0751248226425347276 1.0729567540219444588 1.0707659856579032631 1.0685792666498186154 1.0664180641848957087 1.0642990429560550414 1.0622346704012448626 1.0602338601936833751 
1.0598081738688343023 1.0617654739482773607 1.06378198309799199 1.0658486397766393505 1.0679529588583500654 1.0700784441636848054 1.0722040481431842629 1.0743037616767137088 1.0763464445751824705 1.0782960292686272208 1.0801122357501480309 1.0817519119313288023 1.0831710482069074608 1.0843274042711568139 1.0851835419999920074 1.0857099128710967495 1.0858875501867775171 1.0857099128710967495 1.0851835419999920074 1.0843274042711568139 1.0831710482069074608 1.0817519119313288023 1.0801122357501480309 1.0782960292686272208 1.0763464445751824705 1.0743037616767137088 1.0722040481431842629 1.0700784441636848054 1.0679529588583500654 1.0658486397766393505 1.06378198309799199 1.0617654739482773607 1.0598081738688343023 
1.0592738965965848852 1.0611775290321499021 1.0631351631747170128 1.0651375958328042071 1.067172362914650563 1.0692232175534885918 1.0712696645099797355 1.0732866279905750595 1.0752443530644133496 1.0771086575954986753 1.0788416527985442706 1.0804030252207370566 1.0817519119313288023 1.0828493021334932855 1.0836607740184212023 1.0841592537463737855 1.0843274042711568139 1.0841592537463737855 1.0836607740184212023 1.0828493021334932855 1.0817519119313288023 1.0804030252207370566 1.0788416527985442706 1.0771086575954986753 1.0752443530644133496 1.0732866279905750595 1.0712696645099797355 1.0692232175534885918 1.067172362914650563 1.0651375958328042071 1.0631351631747170128 1.0611775290321499021 1.0592738965965848852 
