32
0.0154367 0.015758 0.0160795 0.0163987 0.0167126 0.0170184 0.017313 0.0175932 0.0178556 0.018097 0.0183143 0.0185042 0.0186641 0.0187912 0.0188836 0.0189397 0.0189586 0.0189397 0.0188836 0.0187912 0.0186641 0.0185042 0.0183143 0.018097 0.0178556 0.0175932 0.017313 0.0170184 0.0167126 0.0163987 0.0160795 0.015758 0.0154367 
0.015758 0.0161002 0.0164436 0.0167852 0.0171221 0.0174511 0.0177689 0.0180719 0.0183564 0.0186188 0.0188554 0.0190627 0.0192373 0.0193765 0.0194778 0.0195393 0.0195599 0.0195393 0.0194778 0.0193765 0.0192373 0.0190627 0.0188554 0.0186188 0.0183564 0.0180719 0.0177689 0.0174511 0.0171221 0.0167852 0.0164436 0.0161002 0.015758 
0.0160795 0.0164436 0.0168097 0.0171752 0.0175366 0.0178905 0.0182333 0.0185611 0.0188697 0.0191551 0.019413 0.0196395 0.0198307 0.0199833 0.0200945 0.0201621 0.0201848 0.0201621 0.0200945 0.0199833 0.0198307 0.0196395 0.019413 0.0191551 0.0188697 0.0185611 0.0182333 0.0178905 0.0175366 0.0171752 0.0168097 0.0164436 0.0160795 
0.0163987 0.0167852 0.0171752 0.0175655 0.0179527 0.0183331 0.0187026 0.0190569 0.0193916 0.0197018 0.0199829 0.0202304 0.0204397 0.0206071 0.0207292 0.0208034 0.0208284 0.0208034 0.0207292 0.0206071 0.0204397 0.0202304 0.0199829 0.0197018 0.0193916 0.0190569 0.0187026 0.0183331 0.0179527 0.0175655 0.0171752 0.0167852 0.0163987 
0.0167126 0.0171221 0.0175366 0.0179527 0.0183669 0.0187749 0.0191726 0.019555 0.0199173 0.0202541 0.0205602 0.0208302 0.0210592 0.0212426 0.0213766 0.0214582 0.0214856 0.0214582 0.0213766 0.0212426 0.0210592 0.0208302 0.0205602 0.0202541 0.0199173 0.019555 0.0191726 0.0187749 0.0183669 0.0179527 0.0175366 0.0171221 0.0167126 
0.0170184 0.0174511 0.0178905 0.0183331 0.0187749 0.0192117 0.0196386 0.0200504 0.0204418 0.0208067 0.0211393 0.0214334 0.0216834 0.0218841 0.0220309 0.0221204 0.0221504 0.0221204 0.0220309 0.0218841 0.0216834 0.0214334 0.0211393 0.0208067 0.0204418 0.0200504 0.0196386 0.0192117 0.0187749 0.0183331 0.0178905 0.0174511 0.0170184 
0.017313 0.0177689 0.0182333 0.0187026 0.0191726 0.0196386 0.0200955 0.0205377 0.0209592 0.0213535 0.0217138 0.0220333 0.0223056 0.0225245 0.0226849 0.0227828 0.0228157 0.0227828 0.0226849 0.0225245 0.0223056 0.0220333 0.0217138 0.0213535 0.0209592 0.0205377 0.0200955 0.0196386 0.0191726 0.0187026 0.0182333 0.0177689 0.017313 
0.0175932 0.0180719 0.0185611 0.0190569 0.019555 0.0200504 0.0205377 0.0210109 0.0214632 0.0218876 0.0222765 0.0226224 0.0229178 0.0231558 0.0233305 0.0234372 0.0234731 0.0234372 0.0233305 0.0231558 0.0229178 0.0226224 0.0222765 0.0218876 0.0214632 0.0210109 0.0205377 0.0200504 0.019555 0.0190569 0.0185611 0.0180719 0.0175932 
0.0178556 0.0183564 0.0188697 0.0193916 0.0199173 0.0204418 0.0209592 0.0214632 0.0219464 0.0224012 0.0228192 0.0231919 0.023511 0.0237687 0.023958 0.0240739 0.0241129 0.0240739 0.023958 0.0237687 0.023511 0.0231919 0.0228192 0.0224012 0.0219464 0.0214632 0.0209592 0.0204418 0.0199173 0.0193916 0.0188697 0.0183564 0.0178556 
0.018097 0.0186188 0.0191551 0.0197018 0.0202541 0.0208067 0.0213535 0.0218876 0.0224012 0.022886 0.0233328 0.0237323 0.0240751 0.0243525 0.0245567 0.0246818 0.0247239 0.0246818 0.0245567 0.0243525 0.0240751 0.0237323 0.0233328 0.022886 0.0224012 0.0218876 0.0213535 0.0208067 0.0202541 0.0197018 0.0191551 0.0186188 0.018097 
0.0183143 0.0188554 0.019413 0.0199829 0.0205602 0.0211393 0.0217138 0.0222765 0.0228192 0.0233328 0.0238075 0.024233 0.0245989 0.0248956 0.0251143 0.0252485 0.0252937 0.0252485 0.0251143 0.0248956 0.0245989 0.024233 0.0238075 0.0233328 0.0228192 0.0222765 0.0217138 0.0211393 0.0205602 0.0199829 0.019413 0.0188554 0.0183143 
0.0185042 0.0190627 0.0196395 0.0202304 0.0208302 0.0214334 0.0220333 0.0226224 0.0231919 0.0237323 0.024233 0.0246828 0.0250705 0.0253854 0.0256179 0.0257606 0.0258088 0.0257606 0.0256179 0.0253854 0.0250705 0.0246828 0.024233 0.0237323 0.0231919 0.0226224 0.0220333 0.0214334 0.0208302 0.0202304 0.0196395 0.0190627 0.0185042 
0.0186641 0.0192373 0.0198307 0.0204397 0.0210592 0.0216834 0.0223056 0.0229178 0.023511 0.0240751 0.0245989 0.0250705 0.0254777 0.025809 0.0260539 0.0262045 0.0262552 0.0262045 0.0260539 0.025809 0.0254777 0.0250705 0.0245989 0.0240751 0.023511 0.0229178 0.0223056 0.0216834 0.0210592 0.0204397 0.0198307 0.0192373 0.0186641 
0.0187912 0.0193765 0.0199833 0.0206071 0.0212426 0.0218841 0.0225245 0.0231558 0.0237687 0.0243525 0.0248956 0.0253854 0.025809 0.026154 0.0264095 0.0265666 0.0266196 0.0265666 0.0264095 0.026154 0.025809 0.0253854 0.0248956 0.0243525 0.0237687 0.0231558 0.0225245 0.0218841 0.0212426 0.0206071 0.0199833 0.0193765 0.0187912 
0.0188836 0.0194778 0.0200945 0.0207292 0.0213766 0.0220309 0.0226849 0.0233305 0.023958 0.0245567 0.0251143 0.0256179 0.0260539 0.0264095 0.026673 0.0268351 0.0268898 0.0268351 0.026673 0.0264095 0.0260539 0.0256179 0.0251143 0.0245567 0.023958 0.0233305 0.0226849 0.0220309 0.0213766 0.0207292 0.0200945 0.0194778 0.0188836 
0.0189397 0.0195393 0.0201621 0.0208034 0.0214582 0.0221204 0.0227828 0.0234372 0.0240739 0.0246818 0.0252485 0.0257606 0.0262045 0.0265666 0.0268351 0.0270003 0.0270561 0.0270003 0.0268351 0.0265666 0.0262045 0.0257606 0.0252485 0.0246818 0.0240739 0.0234372 0.0227828 0.0221204 0.0214582 0.0208034 0.0201621 0.0195393 0.0189397 
0.0189586 0.0195599 0.0201848 0.0208284 0.0214856 0.0221504 0.0228157 0.0234731 0.0241129 0.0247239 0.0252937 0.0258088 0.0262552 0.0266196 0.0268898 0.0270561 0.0271122 0.0270561 0.0268898 0.0266196 0.0262552 0.0258088 0.0252937 0.0247239 0.0241129 0.0234731 0.0228157 0.0221504 0.0214856 0.0208284 0.0201848 0.0195599 0.0189586 
0.0189397 0.0195393 0.0201621 0.0208034 0.0214582 0.0221204 0.0227828 0.0234372 0.0240739 0.0246818 0.0252485 0.0257606 0.0262045 0.0265666 0.0268351 0.0270003 0.0270561 0.0270003 0.0268351 0.0265666 0.0262045 0.0257606 0.0252485 0.0246818 0.0240739 0.0234372 0.0227828 0.0221204 0.0214582 0.0208034 0.0201621 0.0195393 0.0189397 
0.0188836 0.0194778 0.0200945 0.0207292 0.0213766 0.0220309 0.0226849 0.0233305 0.023958 0.0245567 0.0251143 0.0256179 0.0260539 0.0264095 0.026673 0.0268351 0.0268898 0.0268351 0.026673 0.0264095 0.0260539 0.0256179 0.0251143 0.0245567 0.023958 0.0233305 0.0226849 0.0220309 0.0213766 0.0207292 0.0200945 0.0194778 0.0188836 
0.0187912 0.0193765 0.0199833 0.0206071 0.0212426 0.0218841 0.0225245 0.0231558 0.0237687 0.0243525 0.0248956 0.0253854 0.025809 0.026154 0.0264095 0.0265666 0.0266196 0.0265666 0.0264095 0.026154 0.025809 0.0253854 0.0248956 0.0243525 0.0237687 0.0231558 0.0225245 0.0218841 0.0212426 0.0206071 0.0199833 0.0193765 0.0187912 
0.0186641 0.0192373 0.0198307 0.0204397 0.0210592 0.0216834 0.0223056 0.0229178 0.023511 0.0240751 0.0245989 0.0250705 0.0254777 0.025809 0.0260539 0.0262045 0.0262552 0.0262045 0.0260539 0.025809 0.0254777 0.0250705 0.0245989 0.0240751 0.023511 0.0229178 0.0223056 0.0216834 0.0210592 0.0204397 0.0198307 0.0192373 0.0186641 
0.0185042 0.0190627 0.0196395 0.0202304 0.0208302 0.0214334 0.0220333 0.0226224 0.0231919 0.0237323 0.024233 0.0246828 0.0250705 0.0253854 0.0256179 0.0257606 0.0258088 0.0257606 0.0256179 0.0253854 0.0250705 0.0246828 0.024233 0.0237323 0.0231919 0.0226224 0.0220333 0.0214334 0.0208302 0.0202304 0.0196395 0.0190627 0.0185042 
0.0183143 0.0188554 0.019413 0.0199829 0.0205602 0.0211393 0.0217138 0.0222765 0.0228192 0.0233328 0.0238075 0.024233 0.0245989 0.0248956 0.0251143 0.0252485 0.0252937 0.0252485 0.0251143 0.0248956 0.0245989 0.024233 0.0238075 0.0233328 0.0228192 0.0222765 0.0217138 0.0211393 0.0205602 0.0199829 0.019413 0.0188554 0.0183143 
0.018097 0.0186188 0.0191551 0.0197018 0.0202541 0.0208067 0.0213535 0.0218876 0.0224012 0.022886 0.0233328 0.0237323 0.0240751 0.0243525 0.0245567 0.0246818 0.0247239 0.0246818 0.0245567 0.0243525 0.0240751 0.0237323 0.0233328 0.022886 0.0224012 0.0218876 0.0213535 0.0208067 0.0202541 0.0197018 0.0191551 0.0186188 0.018097 
0.0178556 0.0183564 0.0188697 0.0193916 0.0199173 0.0204418 0.0209592 0.0214632 0.0219464 0.0224012 0.0228192 0.0231919 0.023511 0.0237687 0.023958 0.0240739 0.0241129 0.0240739 0.023958 0.0237687 0.023511 0.0231919 0.0228192 0.0224012 0.0219464 0.0214632 0.0209592 0.0204418 0.0199173 0.0193916 0.0188697 0.0183564 0.0178556 
0.0175932 0.0180719 0.0185611 0.0190569 0.019555 0.0200504 0.0205377 0.0210109 0.0214632 0.0218876 0.0222765 0.0226224 0.0229178 0.0231558 0.0233305 0.0234372 0.0234731 0.0234372 0.0233305 0.0231558 0.0229178 0.0226224 0.0222765 0.0218876 0.0214632 0.0210109 0.0205377 0.0200504 0.019555 0.0190569 0.0185611 0.0180719 0.0175932 
0.017313 0.0177689 0.0182333 0.0187026 0.0191726 0.0196386 0.0200955 0.0205377 0.0209592 0.0213535 0.0217138 0.0220333 0.0223056 0.0225245 0.0226849 0.0227828 0.0228157 0.0227828 0.0226849 0.0225245 0.0223056 0.0220333 0.0217138 0.0213535 0.0209592 0.0205377 0.0200955 0.0196386 0.0191726 0.0187026 0.0182333 0.0177689 0.017313 
0.0170184 0.0174511 0.0178905 0.0183331 0.0187749 0.0192117 0.0196386 0.0200504 0.0204418 0.0208067 0.0211393 0.0214334 0.0216834 0.0218841 0.0220309 0.0221204 0.0221504 0.0221204 0.0220309 0.0218841 0.0216834 0.0214334 0.0211393 0.0208067 0.0204418 0.0200504 0.0196386 0.0192117 0.0187749 0.0183331 0.0178905 0.0174511 0.0170184 
0.0167126 0.0171221 0.0175366 0.0179527 0.0183669 0.0187749 0.0191726 0.019555 0.0199173 0.0202541 0.0205602 0.0208302 0.0210592 0.0212426 0.0213766 0.0214582 0.0214856 0.0214582 0.0213766 0.0212426 0.0210592 0.0208302 0.0205602 0.0202541 0.0199173 0.019555 0.0191726 0.0187749 0.0183669 0.0179527 0.0175366 0.0171221 0.0167126 
0.0163987 0.0167852 0.0171752 0.0175655 0.0179527 0.0183331 0.0187026 0.0190569 0.0193916 0.0197018 0.0199829 0.0202304 0.0204397 0.0206071 0.0207292 0.0208034 0.0208284 0.0208034 0.0207292 0.0206071 0.0204397 0.0202304 0.0199829 0.0197018 0.0193916 0.0190569 0.0187026 0.0183331 0.0179527 0.0175655 0.0171752 0.0167852 0.0163987 
0.0160795 0.0164436 0.0168097 0.0171752 0.0175366 0.0178905 0.0182333 0.0185611 0.0188697 0.0191551 0.019413 0.0196395 0.0198307 0.0199833 0.0200945 0.0201621 0.0201848 0.0201621 0.0200945 0.0199833 0.0198307 0.0196395 0.019413 0.0191551 0.0188697 0.0185611 0.0182333 0.0178905 0.0175366 0.0171752 0.0168097 0.0164436 0.0160795 
0.015758 0.0161002 0.0164436 0.0167852 0.0171221 0.0174511 0.0177689 0.0180719 0.0183564 0.0186188 0.0188554 0.0190627 0.0192373 0.0193765 0.0194778 0.0195393 0.0195599 0.0195393 0.0194778 0.0193765 0.0192373 0.0190627 0.0188554 0.0186188 0.0183564 0.0180719 0.0177689 0.0174511 0.0171221 0.0167852 0.0164436 0.0161002 0.015758 
0.0154367 0.015758 0.0160795 0.0163987 0.0167126 0.0170184 0.017313 0.0175932 0.0178556 0.018097 0.0183143 0.0185042 0.0186641 0.0187912 0.0188836 0.0189397 0.0189586 0.0189397 0.0188836 0.0187912 0.0186641 0.0185042 0.0183143 0.018097 0.0178556 0.0175932 0.017313 0.0170184 0.0167126 0.0163987 0.0160795 0.015758 0.0154367 

0.015758 0.0161002 0.0164436 0.0167852 0.0171221 0.0174511 0.0177689 0.0180719 0.0183564 0.0186188 0.0188554 0.0190627 0.0192373 0.0193765 0.0194778 0.0195393 0.0195599 0.0195393 0.0194778 0.0193765 0.0192373 0.0190627 0.0188554 0.0186188 0.0183564 0.0180719 0.0177689 0.0174511 0.0171221 0.0167852 0.0164436 0.0161002 0.015758 
0.0161002 0.0164658 0.0168335 0.0172003 0.0175632 0.0179186 0.0182628 0.0185919 0.0189018 0.0191884 0.0194474 0.0196749 0.0198669 0.0200202 0.0201318 0.0201997 0.0202225 0.0201997 0.0201318 0.0200202 0.0198669 0.0196749 0.0194474 0.0191884 0.0189018 0.0185919 0.0182628 0.0179186 0.0175632 0.0172003 0.0168335 0.0164658 0.0161002 
0.0164436 0.0168335 0.0172269 0.0176206 0.0180112 0.0183951 0.018768 0.0191256 0.0194634 0.0197767 0.0200607 0.0203106 0.0205221 0.0206911 0.0208145 0.0208895 0.0209147 0.0208895 0.0208145 0.0206911 0.0205221 0.0203106 0.0200607 0.0197767 0.0194634 0.0191256 0.018768 0.0183951 0.0180112 0.0176206 0.0172269 0.0168335 0.0164436 
0.0167852 0.0172003 0.0176206 0.0180426 0.0184627 0.0188768 0.0192805 0.019669 0.0200371 0.0203795 0.0206907 0.0209654 0.0211984 0.021385 0.0215213 0.0216044 0.0216323 0.0216044 0.0215213 0.021385 0.0211984 0.0209654 0.0206907 0.0203795 0.0200371 0.019669 0.0192805 0.0188768 0.0184627 0.0180426 0.0176206 0.0172003 0.0167852 
0.0171221 0.0175632 0.0180112 0.0184627 0.0189137 0.0193597 0.0197961 0.0202174 0.0206179 0.0209917 0.0213326 0.0216342 0.0218907 0.0220965 0.0222472 0.0223391 0.0223699 0.0223391 0.0222472 0.0220965 0.0218907 0.0216342 0.0213326 0.0209917 0.0206179 0.0202174 0.0197961 0.0193597 0.0189137 0.0184627 0.0180112 0.0175632 0.0171221 
0.0174511 0.0179186 0.0183951 0.0188768 0.0193597 0.0198391 0.0203096 0.0207655 0.0212005 0.0216078 0.0219803 0.0223109 0.0225928 0.0228196 0.0229858 0.0230873 0.0231214 0.0230873 0.0229858 0.0228196 0.0225928 0.0223109 0.0219803 0.0216078 0.0212005 0.0207655 0.0203096 0.0198391 0.0193597 0.0188768 0.0183951 0.0179186 0.0174511 
0.0177689 0.0182628 0.018768 0.0192805 0.0197961 0.0203096 0.0208155 0.0213074 0.0217784 0.0222208 0.0226269 0.0229884 0.0232974 0.0235466 0.0237296 0.0238414 0.0238791 0.0238414 0.0237296 0.0235466 0.0232974 0.0229884 0.0226269 0.0222208 0.0217784 0.0213074 0.0208155 0.0203096 0.0197961 0.0192805 0.018768 0.0182628 0.0177689 
0.0180719 0.0185919 0.0191256 0.019669 0.0202174 0.0207655 0.0213074 0.0218362 0.0223442 0.0228232 0.0232642 0.023658 0.0239956 0.0242685 0.0244692 0.0245921 0.0246334 0.0245921 0.0244692 0.0242685 0.0239956 0.023658 0.0232642 0.0228232 0.0223442 0.0218362 0.0213074 0.0207655 0.0202174 0.019669 0.0191256 0.0185919 0.0180719 
0.0183564 0.0189018 0.0194634 0.0200371 0.0206179 0.0212005 0.0217784 0.0223442 0.0228898 0.0234059 0.0238827 0.0243098 0.0246769 0.0249744 0.0251936 0.025328 0.0253732 0.025328 0.0251936 0.0249744 0.0246769 0.0243098 0.0238827 0.0234059 0.0228898 0.0223442 0.0217784 0.0212005 0.0206179 0.0200371 0.0194634 0.0189018 0.0183564 
0.0186188 0.0191884 0.0197767 0.0203795 0.0209917 0.0216078 0.0222208 0.0228232 0.0234059 0.0239591 0.0244717 0.0249323 0.0253293 0.0256516 0.0258897 0.0260358 0.0260851 0.0260358 0.0258897 0.0256516 0.0253293 0.0249323 0.0244717 0.0239591 0.0234059 0.0228232 0.0222208 0.0216078 0.0209917 0.0203795 0.0197767 0.0191884 0.0186188 
0.0188554 0.0194474 0.0200607 0.0206907 0.0213326 0.0219803 0.0226269 0.0232642 0.0238827 0.0244717 0.0250191 0.0255125 0.0259389 0.0262859 0.0265427 0.0267005 0.0267537 0.0267005 0.0265427 0.0262859 0.0259389 0.0255125 0.0250191 0.0244717 0.0238827 0.0232642 0.0226269 0.0219803 0.0213326 0.0206907 0.0200607 0.0194474 0.0188554 
0.0190627 0.0196749 0.0203106 0.0209654 0.0216342 0.0223109 0.0229884 0.023658 0.0243098 0.0249323 0.0255125 0.0260369 0.0264911 0.0268616 0.0271362 0.0273051 0.0273622 0.0273051 0.0271362 0.0268616 0.0264911 0.0260369 0.0255125 0.0249323 0.0243098 0.023658 0.0229884 0.0223109 0.0216342 0.0209654 0.0203106 0.0196749 0.0190627 
0.0192373 0.0198669 0.0205221 0.0211984 0.0218907 0.0225928 0.0232974 0.0239956 0.0246769 0.0253293 0.0259389 0.0264911 0.0269706 0.0273624 0.0276532 0.0278323 0.0278928 0.0278323 0.0276532 0.0273624 0.0269706 0.0264911 0.0259389 0.0253293 0.0246769 0.0239956 0.0232974 0.0225928 0.0218907 0.0211984 0.0205221 0.0198669 0.0192373 
0.0193765 0.0200202 0.0206911 0.021385 0.0220965 0.0228196 0.0235466 0.0242685 0.0249744 0.0256516 0.0262859 0.0268616 0.0273624 0.0277723 0.0280768 0.0282646 0.028328 0.0282646 0.0280768 0.0277723 0.0273624 0.0268616 0.0262859 0.0256516 0.0249744 0.0242685 0.0235466 0.0228196 0.0220965 0.021385 0.0206911 0.0200202 0.0193765 
0.0194778 0.0201318 0.0208145 0.0215213 0.0222472 0.0229858 0.0237296 0.0244692 0.0251936 0.0258897 0.0265427 0.0271362 0.0276532 0.0280768 0.028392 0.0285864 0.0286521 0.0285864 0.028392 0.0280768 0.0276532 0.0271362 0.0265427 0.0258897 0.0251936 0.0244692 0.0237296 0.0229858 0.0222472 0.0215213 0.0208145 0.0201318 0.0194778 
0.0195393 0.0201997 0.0208895 0.0216044 0.0223391 0.0230873 0.0238414 0.0245921 0.025328 0.0260358 0.0267005 0.0273051 0.0278323 0.0282646 0.0285864 0.0287849 0.0288521 0.0287849 0.0285864 0.0282646 0.0278323 0.0273051 0.0267005 0.0260358 0.025328 0.0245921 0.0238414 0.0230873 0.0223391 0.0216044 0.0208895 0.0201997 0.0195393 
0.0195599 0.0202225 0.0209147 0.0216323 0.0223699 0.0231214 0.0238791 0.0246334 0.0253732 0.0260851 0.0267537 0.0273622 0.0278928 0.028328 0.0286521 0.0288521 0.0289197 0.0288521 0.0286521 0.028328 0.0278928 0.0273622 0.0267537 0.0260851 0.0253732 0.0246334 0.0238791 0.0231214 0.0223699 0.0216323 0.0209147 0.0202225 0.0195599 
0.0195393 0.0201997 0.0208895 0.0216044 0.0223391 0.0230873 0.0238414 0.0245921 0.025328 0.0260358 0.0267005 0.0273051 0.0278323 0.0282646 0.0285864 0.0287849 0.0288521 0.0287849 0.0285864 0.0282646 0.0278323 0.0273051 0.0267005 0.0260358 0.025328 0.0245921 0.0238414 0.0230873 0.0223391 0.0216044 0.0208895 0.0201997 0.0195393 
0.0194778 0.0201318 0.0208145 0.0215213 0.0222472 0.0229858 0.0237296 0.0244692 0.0251936 0.0258897 0.0265427 0.0271362 0.0276532 0.0280768 0.028392 0.0285864 0.0286521 0.0285864 0.028392 0.0280768 0.0276532 0.0271362 0.0265427 0.0258897 0.0251936 0.0244692 0.0237296 0.0229858 0.0222472 0.0215213 0.0208145 0.0201318 0.0194778 
0.0193765 0.0200202 0.0206911 0.021385 0.0220965 0.0228196 0.0235466 0.0242685 0.0249744 0.0256516 0.0262859 0.0268616 0.0273624 0.0277723 0.0280768 0.0282646 0.028328 0.0282646 0.0280768 0.0277723 0.0273624 0.0268616 0.0262859 0.0256516 0.0249744 0.0242685 0.0235466 0.0228196 0.0220965 0.021385 0.0206911 0.0200202 0.0193765 
0.0192373 0.0198669 0.0205221 0.0211984 0.0218907 0.0225928 0.0232974 0.0239956 0.0246769 0.0253293 0.0259389 0.0264911 0.0269706 0.0273624 0.0276532 0.0278323 0.0278928 0.0278323 0.0276532 0.0273624 0.0269706 0.0264911 0.0259389 0.0253293 0.0246769 0.0239956 0.0232974 0.0225928 0.0218907 0.0211984 0.0205221 0.0198669 0.0192373 
0.0190627 0.0196749 0.0203106 0.0209654 0.0216342 0.0223109 0.0229884 0.023658 0.0243098 0.0249323 0.0255125 0.0260369 0.0264911 0.0268616 0.0271362 0.0273051 0.0273622 0.0273051 0.0271362 0.0268616 0.0264911 0.0260369 0.0255125 0.0249323 0.0243098 0.023658 0.0229884 0.0223109 0.0216342 0.0209654 0.0203106 0.0196749 0.0190627 
0.0188554 0.0194474 0.0200607 0.0206907 0.0213326 0.0219803 0.0226269 0.0232642 0.0238827 0.0244717 0.0250191 0.0255125 0.0259389 0.0262859 0.0265427 0.0267005 0.0267537 0.0267005 0.0265427 0.0262859 0.0259389 0.0255125 0.0250191 0.0244717 0.0238827 0.0232642 0.0226269 0.0219803 0.0213326 0.0206907 0.0200607 0.0194474 0.0188554 
0.0186188 0.0191884 0.0197767 0.0203795 0.0209917 0.0216078 0.0222208 0.0228232 0.0234059 0.0239591 0.0244717 0.0249323 0.0253293 0.0256516 0.0258897 0.0260358 0.0260851 0.0260358 0.0258897 0.0256516 0.0253293 0.0249323 0.0244717 0.0239591 0.0234059 0.0228232 0.0222208 0.0216078 0.0209917 0.0203795 0.0197767 0.0191884 0.0186188 
0.0183564 0.0189018 0.0194634 0.0200371 0.0206179 0.0212005 0.0217784 0.0223442 0.0228898 0.0234059 0.0238827 0.0243098 0.0246769 0.0249744 0.0251936 0.025328 0.0253732 0.025328 0.0251936 0.0249744 0.0246769 0.0243098 0.0238827 0.0234059 0.0228898 0.0223442 0.0217784 0.0212005 0.0206179 0.0200371 0.0194634 0.0189018 0.0183564 
0.0180719 0.0185919 0.0191256 0.019669 0.0202174 0.0207655 0.0213074 0.0218362 0.0223442 0.0228232 0.0232642 0.023658 0.0239956 0.0242685 0.0244692 0.0245921 0.0246334 0.0245921 0.0244692 0.0242685 0.0239956 0.023658 0.0232642 0.0228232 0.0223442 0.0218362 0.0213074 0.0207655 0.0202174 0.019669 0.0191256 0.0185919 0.0180719 
0.0177689 0.0182628 0.018768 0.0192805 0.0197961 0.0203096 0.0208155 0.0213074 0.0217784 0.0222208 0.0226269 0.0229884 0.0232974 0.0235466 0.0237296 0.0238414 0.0238791 0.0238414 0.0237296 0.0235466 0.0232974 0.0229884 0.0226269 0.0222208 0.0217784 0.0213074 0.0208155 0.0203096 0.0197961 0.0192805 0.018768 0.0182628 0.0177689 
0.0174511 0.0179186 0.0183951 0.0188768 0.0193597 0.0198391 0.0203096 0.0207655 0.0212005 0.0216078 0.0219803 0.0223109 0.0225928 0.0228196 0.0229858 0.0230873 0.0231214 0.0230873 0.0229858 0.0228196 0.0225928 0.0223109 0.0219803 0.0216078 0.0212005 0.0207655 0.0203096 0.0198391 0.0193597 0.0188768 0.0183951 0.0179186 0.0174511 
0.0171221 0.0175632 0.0180112 0.0184627 0.0189137 0.0193597 0.0197961 0.0202174 0.0206179 0.0209917 0.0213326 0.0216342 0.0218907 0.0220965 0.0222472 0.0223391 0.0223699 0.0223391 0.0222472 0.0220965 0.0218907 0.0216342 0.0213326 0.0209917 0.0206179 0.0202174 0.0197961 0.0193597 0.0189137 0.0184627 0.0180112 0.0175632 0.0171221 
0.0167852 0.0172003 0.0176206 0.0180426 0.0184627 0.0188768 0.0192805 0.019669 0.0200371 0.0203795 0.0206907 0.0209654 0.0211984 0.021385 0.0215213 0.0216044 0.0216323 0.0216044 0.0215213 0.021385 0.0211984 0.0209654 0.0206907 0.0203795 0.0200371 0.019669 0.0192805 0.0188768 0.0184627 0.0180426 0.0176206 0.0172003 0.0167852 
0.0164436 0.0168335 0.0172269 0.0176206 0.0180112 0.0183951 0.018768 0.0191256 0.0194634 0.0197767 0.0200607 0.0203106 0.0205221 0.0206911 0.0208145 0.0208895 0.0209147 0.0208895 0.0208145 0.0206911 0.0205221 0.0203106 0.0200607 0.0197767 0.0194634 0.0191256 0.018768 0.0183951 0.0180112 0.0176206 0.0172269 0.0168335 0.0164436 
0.0161002 0.0164658 0.0168335 0.0172003 0.0175632 0.0179186 0.0182628 0.0185919 0.0189018 0.0191884 0.0194474 0.0196749 0.0198669 0.0200202 0.0201318 0.0201997 0.0202225 0.0201997 0.0201318 0.0200202 0.0198669 0.0196749 0.0194474 0.0191884 0.0189018 0.0185919 0.0182628 0.0179186 0.0175632 0.0172003 0.0168335 0.0164658 0.0161002 
0.015758 0.0161002 0.0164436 0.0167852 0.0171221 0.0174511 0.0177689 0.0180719 0.0183564 0.0186188 0.0188554 0.0190627 0.0192373 0.0193765 0.0194778 0.0195393 0.0195599 0.0195393 0.0194778 0.0193765 0.0192373 0.0190627 0.0188554 0.0186188 0.0183564 0.0180719 0.0177689 0.0174511 0.0171221 0.0167852 0.0164436 0.0161002 0.015758 

0.0160647 0.0164283 0.0167938 0.0171583 0.0175184 0.0178709 0.018212 0.018538 0.0188447 0.0191282 0.0193842 0.0196089 0.0197986 0.0199499 0.0200601 0.020127 0.0201495 0.020127 0.0200601 0.0199499 0.0197986 0.0196089 0.0193842 0.0191282 0.0188447 0.018538 0.018212 0.0178709 0.0175184 0.0171583 0.0167938 0.0164283 0.0160647 
0.0164283 0.0168179 0.0172106 0.0176033 0.0179926 0.0183749 0.018746 0.0191018 0.0194376 0.0197489 0.0200309 0.0202789 0.0204888 0.0206565 0.0207788 0.0208532 0.0208782 0.0208532 0.0207788 0.0206565 0.0204888 0.0202789 0.0200309 0.0197489 0.0194376 0.0191018 0.018746 0.0183749 0.0179926 0.0176033 0.0172106 0.0168179 0.0164283 
0.0167938 0.0172106 0.017632 0.0180549 0.0184757 0.0188902 0.0192941 0.0196826 0.0200506 0.0203927 0.0207036 0.0209779 0.0212105 0.0213968 0.0215328 0.0216157 0.0216435 0.0216157 0.0215328 0.0213968 0.0212105 0.0209779 0.0207036 0.0203927 0.0200506 0.0196826 0.0192941 0.0188902 0.0184757 0.0180549 0.017632 0.0172106 0.0167938 
0.0171583 0.0176033 0.0180549 0.0185098 0.018964 0.0194131 0.0198523 0.0202763 0.0206793 0.0210554 0.0213982 0.0217016 0.0219595 0.0221665 0.022318 0.0224104 0.0224414 0.0224104 0.022318 0.0221665 0.0219595 0.0217016 0.0213982 0.0210554 0.0206793 0.0202763 0.0198523 0.0194131 0.018964 0.0185098 0.0180549 0.0176033 0.0171583 
0.0175184 0.0179926 0.0184757 0.018964 0.0194534 0.0199391 0.020416 0.0208781 0.021319 0.0217319 0.0221096 0.0224449 0.0227308 0.0229608 0.0231294 0.0232323 0.0232669 0.0232323 0.0231294 0.0229608 0.0227308 0.0224449 0.0221096 0.0217319 0.021319 0.0208781 0.020416 0.0199391 0.0194534 0.018964 0.0184757 0.0179926 0.0175184 
0.0178709 0.0183749 0.0188902 0.0194131 0.0199391 0.0204633 0.0209799 0.0214824 0.0219638 0.0224162 0.0228317 0.0232016 0.023518 0.0237732 0.0239606 0.0240752 0.0241138 0.0240752 0.0239606 0.0237732 0.023518 0.0232016 0.0228317 0.0224162 0.0219638 0.0214824 0.0209799 0.0204633 0.0199391 0.0194131 0.0188902 0.0183749 0.0178709 
0.018212 0.018746 0.0192941 0.0198523 0.020416 0.0209799 0.0215377 0.0220826 0.0226067 0.0231011 0.0235568 0.0239641 0.0243134 0.0245959 0.0248038 0.0249311 0.024974 0.0249311 0.0248038 0.0245959 0.0243134 0.0239641 0.0235568 0.0231011 0.0226067 0.0220826 0.0215377 0.0209799 0.020416 0.0198523 0.0192941 0.018746 0.018212 
0.018538 0.0191018 0.0196826 0.0202763 0.0208781 0.0214824 0.0220826 0.0226712 0.0232396 0.023778 0.024276 0.0247227 0.0251071 0.0254188 0.0256487 0.0257897 0.0258372 0.0257897 0.0256487 0.0254188 0.0251071 0.0247227 0.024276 0.023778 0.0232396 0.0226712 0.0220826 0.0214824 0.0208781 0.0202763 0.0196826 0.0191018 0.018538 
0.0188447 0.0194376 0.0200506 0.0206793 0.021319 0.0219638 0.0226067 0.0232396 0.0238531 0.0244367 0.0249785 0.0254662 0.0258873 0.0262297 0.0264828 0.0266383 0.0266907 0.0266383 0.0264828 0.0262297 0.0258873 0.0254662 0.0249785 0.0244367 0.0238531 0.0232396 0.0226067 0.0219638 0.021319 0.0206793 0.0200506 0.0194376 0.0188447 
0.0191282 0.0197489 0.0203927 0.0210554 0.0217319 0.0224162 0.0231011 0.023778 0.0244367 0.0250655 0.0256517 0.0261812 0.0266398 0.0270137 0.0272908 0.0274612 0.0275187 0.0274612 0.0272908 0.0270137 0.0266398 0.0261812 0.0256517 0.0250655 0.0244367 0.023778 0.0231011 0.0224162 0.0217319 0.0210554 0.0203927 0.0197489 0.0191282 
0.0193842 0.0200309 0.0207036 0.0213982 0.0221096 0.0228317 0.0235568 0.024276 0.0249785 0.0256517 0.0262814 0.0268522 0.0273481 0.0277536 0.0280547 0.0282402 0.0283029 0.0282402 0.0280547 0.0277536 0.0273481 0.0268522 0.0262814 0.0256517 0.0249785 0.024276 0.0235568 0.0228317 0.0221096 0.0213982 0.0207036 0.0200309 0.0193842 
0.0196089 0.0202789 0.0209779 0.0217016 0.0224449 0.0232016 0.0239641 0.0247227 0.0254662 0.0261812 0.0268522 0.0274624 0.0279941 0.02843 0.0287543 0.0289544 0.0290221 0.0289544 0.0287543 0.02843 0.0279941 0.0274624 0.0268522 0.0261812 0.0254662 0.0247227 0.0239641 0.0232016 0.0224449 0.0217016 0.0209779 0.0202789 0.0196089 
0.0197986 0.0204888 0.0212105 0.0219595 0.0227308 0.023518 0.0243134 0.0251071 0.0258873 0.0266398 0.0273481 0.0279941 0.0285585 0.0290223 0.029368 0.0295815 0.0296538 0.0295815 0.029368 0.0290223 0.0285585 0.0279941 0.0273481 0.0266398 0.0258873 0.0251071 0.0243134 0.023518 0.0227308 0.0219595 0.0212105 0.0204888 0.0197986 
0.0199499 0.0206565 0.0213968 0.0221665 0.0229608 0.0237732 0.0245959 0.0254188 0.0262297 0.0270137 0.0277536 0.02843 0.0290223 0.0295099 0.0298739 0.0300991 0.0301753 0.0300991 0.0298739 0.0295099 0.0290223 0.02843 0.0277536 0.0270137 0.0262297 0.0254188 0.0245959 0.0237732 0.0229608 0.0221665 0.0213968 0.0206565 0.0199499 
0.0200601 0.0207788 0.0215328 0.022318 0.0231294 0.0239606 0.0248038 0.0256487 0.0264828 0.0272908 0.0280547 0.0287543 0.029368 0.0298739 0.0302521 0.0304862 0.0305655 0.0304862 0.0302521 0.0298739 0.029368 0.0287543 0.0280547 0.0272908 0.0264828 0.0256487 0.0248038 0.0239606 0.0231294 0.022318 0.0215328 0.0207788 0.0200601 
0.020127 0.0208532 0.0216157 0.0224104 0.0232323 0.0240752 0.0249311 0.0257897 0.0266383 0.0274612 0.0282402 0.0289544 0.0295815 0.0300991 0.0304862 0.0307259 0.0308071 0.0307259 0.0304862 0.0300991 0.0295815 0.0289544 0.0282402 0.0274612 0.0266383 0.0257897 0.0249311 0.0240752 0.0232323 0.0224104 0.0216157 0.0208532 0.020127 
0.0201495 0.0208782 0.0216435 0.0224414 0.0232669 0.0241138 0.024974 0.0258372 0.0266907 0.0275187 0.0283029 0.0290221 0.0296538 0.0301753 0.0305655 0.0308071 0.030889 0.0308071 0.0305655 0.0301753 0.0296538 0.0290221 0.0283029 0.0275187 0.0266907 0.0258372 0.024974 0.0241138 0.0232669 0.0224414 0.0216435 0.0208782 0.0201495 
0.020127 0.0208532 0.0216157 0.0224104 0.0232323 0.0240752 0.0249311 0.0257897 0.0266383 0.0274612 0.0282402 0.0289544 0.0295815 0.0300991 0.0304862 0.0307259 0.0308071 0.0307259 0.0304862 0.0300991 0.0295815 0.0289544 0.0282402 0.0274612 0.0266383 0.0257897 0.0249311 0.0240752 0.0232323 0.0224104 0.0216157 0.0208532 0.020127 
0.0200601 0.0207788 0.0215328 0.022318 0.0231294 0.0239606 0.0248038 0.0256487 0.0264828 0.0272908 0.0280547 0.0287543 0.029368 0.0298739 0.0302521 0.0304862 0.0305655 0.0304862 0.0302521 0.0298739 0.029368 0.0287543 0.0280547 0.0272908 0.0264828 0.0256487 0.0248038 0.0239606 0.0231294 0.022318 0.0215328 0.0207788 0.0200601 
0.0199499 0.0206565 0.0213968 0.0221665 0.0229608 0.0237732 0.0245959 0.0254188 0.0262297 0.0270137 0.0277536 0.02843 0.0290223 0.0295099 0.0298739 0.0300991 0.0301753 0.0300991 0.0298739 0.0295099 0.0290223 0.02843 0.0277536 0.0270137 0.0262297 0.0254188 0.0245959 0.0237732 0.0229608 0.0221665 0.0213968 0.0206565 0.0199499 
0.0197986 0.0204888 0.0212105 0.0219595 0.0227308 0.023518 0.0243134 0.0251071 0.0258873 0.0266398 0.0273481 0.0279941 0.0285585 0.0290223 0.029368 0.0295815 0.0296538 0.0295815 0.029368 0.0290223 0.0285585 0.0279941 0.0273481 0.0266398 0.0258873 0.0251071 0.0243134 0.023518 0.0227308 0.0219595 0.0212105 0.0204888 0.0197986 
0.0196089 0.0202789 0.0209779 0.0217016 0.0224449 0.0232016 0.0239641 0.0247227 0.0254662 0.0261812 0.0268522 0.0274624 0.0279941 0.02843 0.0287543 0.0289544 0.0290221 0.0289544 0.0287543 0.02843 0.0279941 0.0274624 0.0268522 0.0261812 0.0254662 0.0247227 0.0239641 0.0232016 0.0224449 0.0217016 0.0209779 0.0202789 0.0196089 
0.0193842 0.0200309 0.0207036 0.0213982 0.0221096 0.0228317 0.0235568 0.024276 0.0249785 0.0256517 0.0262814 0.0268522 0.0273481 0.0277536 0.0280547 0.0282402 0.0283029 0.0282402 0.0280547 0.0277536 0.0273481 0.0268522 0.0262814 0.0256517 0.0249785 0.024276 0.0235568 0.0228317 0.0221096 0.0213982 0.0207036 0.0200309 0.0193842 
0.0191282 0.0197489 0.0203927 0.0210554 0.0217319 0.0224162 0.0231011 0.023778 0.0244367 0.0250655 0.0256517 0.0261812 0.0266398 0.0270137 0.0272908 0.0274612 0.0275187 0.0274612 0.0272908 0.0270137 0.0266398 0.0261812 0.0256517 0.0250655 0.0244367 0.023778 0.0231011 0.0224162 0.0217319 0.0210554 0.0203927 0.0197489 0.0191282 
0.0188447 0.0194376 0.0200506 0.0206793 0.021319 0.0219638 0.0226067 0.0232396 0.0238531 0.0244367 0.0249785 0.0254662 0.0258873 0.0262297 0.0264828 0.0266383 0.0266907 0.0266383 0.0264828 0.0262297 0.0258873 0.0254662 0.0249785 0.0244367 0.0238531 0.0232396 0.0226067 0.0219638 0.021319 0.0206793 0.0200506 0.0194376 0.0188447 
0.018538 0.0191018 0.0196826 0.0202763 0.0208781 0.0214824 0.0220826 0.0226712 0.0232396 0.023778 0.024276 0.0247227 0.0251071 0.0254188 0.0256487 0.0257897 0.0258372 0.0257897 0.0256487 0.0254188 0.0251071 0.0247227 0.024276 0.023778 0.0232396 0.0226712 0.0220826 0.0214824 0.0208781 0.0202763 0.0196826 0.0191018 0.018538 
0.018212 0.018746 0.0192941 0.0198523 0.020416 0.0209799 0.0215377 0.0220826 0.0226067 0.0231011 0.0235568 0.0239641 0.0243134 0.0245959 0.0248038 0.0249311 0.024974 0.0249311 0.0248038 0.0245959 0.0243134 0.0239641 0.0235568 0.0231011 0.0226067 0.0220826 0.0215377 0.0209799 0.020416 0.0198523 0.0192941 0.018746 0.018212 
0.0178709 0.0183749 0.0188902 0.0194131 0.0199391 0.0204633 0.0209799 0.0214824 0.0219638 0.0224162 0.0228317 0.0232016 0.023518 0.0237732 0.0239606 0.0240752 0.0241138 0.0240752 0.0239606 0.0237732 0.023518 0.0232016 0.0228317 0.0224162 0.0219638 0.0214824 0.0209799 0.0204633 0.0199391 0.0194131 0.0188902 0.0183749 0.0178709 
0.0175184 0.0179926 0.0184757 0.018964 0.0194534 0.0199391 0.020416 0.0208781 0.021319 0.0217319 0.0221096 0.0224449 0.0227308 0.0229608 0.0231294 0.0232323 0.0232669 0.0232323 0.0231294 0.0229608 0.0227308 0.0224449 0.0221096 0.0217319 0.021319 0.0208781 0.020416 0.0199391 0.0194534 0.018964 0.0184757 0.0179926 0.0175184 
0.0171583 0.0176033 0.0180549 0.0185098 0.018964 0.0194131 0.0198523 0.0202763 0.0206793 0.0210554 0.0213982 0.0217016 0.0219595 0.0221665 0.022318 0.0224104 0.0224414 0.0224104 0.022318 0.0221665 0.0219595 0.0217016 0.0213982 0.0210554 0.0206793 0.0202763 0.0198523 0.0194131 0.018964 0.0185098 0.0180549 0.0176033 0.0171583 
0.0167938 0.0172106 0.017632 0.0180549 0.0184757 0.0188902 0.0192941 0.0196826 0.0200506 0.0203927 0.0207036 0.0209779 0.0212105 0.0213968 0.0215328 0.0216157 0.0216435 0.0216157 0.0215328 0.0213968 0.0212105 0.0209779 0.0207036 0.0203927 0.0200506 0.0196826 0.0192941 0.0188902 0.0184757 0.0180549 0.017632 0.0172106 0.0167938 
0.0164283 0.0168179 0.0172106 0.0176033 0.0179926 0.0183749 0.018746 0.0191018 0.0194376 0.0197489 0.0200309 0.0202789 0.0204888 0.0206565 0.0207788 0.0208532 0.0208782 0.0208532 0.0207788 0.0206565 0.0204888 0.0202789 0.0200309 0.0197489 0.0194376 0.0191018 0.018746 0.0183749 0.0179926 0.0176033 0.0172106 0.0168179 0.0164283 
0.0160647 0.0164283 0.0167938 0.0171583 0.0175184 0.0178709 0.018212 0.018538 0.0188447 0.0191282 0.0193842 0.0196089 0.0197986 0.0199499 0.0200601 0.020127 0.0201495 0.020127 0.0200601 0.0199499 0.0197986 0.0196089 0.0193842 0.0191282 0.0188447 0.018538 0.018212 0.0178709 0.0175184 0.0171583 0.0167938 0.0164283 0.0160647 

0.0163546 0.0167401 0.017128 0.0175154 0.0178989 0.0182748 0.0186393 0.0189882 0.019317 0.0196215 0.0198969 0.0201391 0.0203437 0.0205071 0.0206262 0.0206986 0.0207229 0.0206986 0.0206262 0.0205071 0.0203437 0.0201391 0.0198969 0.0196215 0.019317 0.0189882 0.0186393 0.0182748 0.0178989 0.0175154 0.017128 0.0167401 0.0163546 
0.0167401 0.0171542 0.0175722 0.0179912 0.0184073 0.0188168 0.0192152 0.019598 0.0199601 0.0202964 0.0206017 0.0208708 0.0210987 0.0212812 0.0214144 0.0214955 0.0215227 0.0214955 0.0214144 0.0212812 0.0210987 0.0208708 0.0206017 0.0202964 0.0199601 0.019598 0.0192152 0.0188168 0.0184073 0.0179912 0.0175722 0.0171542 0.0167401 
0.017128 0.0175722 0.0180224 0.0184752 0.0189267 0.0193726 0.0198082 0.0202282 0.0206272 0.020999 0.0213378 0.0216373 0.0218917 0.0220958 0.0222451 0.0223361 0.0223667 0.0223361 0.0222451 0.0220958 0.0218917 0.0216373 0.0213378 0.020999 0.0206272 0.0202282 0.0198082 0.0193726 0.0189267 0.0184752 0.0180224 0.0175722 0.017128 
0.0175154 0.0179912 0.0184752 0.0189638 0.0194531 0.0199382 0.0204141 0.0208749 0.0213142 0.0217253 0.0221012 0.0224347 0.0227188 0.0229473 0.0231148 0.023217 0.0232514 0.023217 0.0231148 0.0229473 0.0227188 0.0224347 0.0221012 0.0217253 0.0213142 0.0208749 0.0204141 0.0199382 0.0194531 0.0189638 0.0184752 0.0179912 0.0175154 
0.0178989 0.0184073 0.0189267 0.0194531 0.0199823 0.0205092 0.0210283 0.021533 0.0220163 0.0224703 0.0228871 0.0232581 0.0235753 0.0238311 0.024019 0.0241338 0.0241725 0.0241338 0.024019 0.0238311 0.0235753 0.0232581 0.0228871 0.0224703 0.0220163 0.021533 0.0210283 0.0205092 0.0199823 0.0194531 0.0189267 0.0184073 0.0178989 
0.0182748 0.0188168 0.0193726 0.0199382 0.0205092 0.0210803 0.0216451 0.0221968 0.0227273 0.0232279 0.0236892 0.0241015 0.0244551 0.0247412 0.0249517 0.0250806 0.025124 0.0250806 0.0249517 0.0247412 0.0244551 0.0241015 0.0236892 0.0232279 0.0227273 0.0221968 0.0216451 0.0210803 0.0205092 0.0199382 0.0193726 0.0188168 0.0182748 
0.0186393 0.0192152 0.0198082 0.0204141 0.0210283 0.0216451 0.0222579 0.0228591 0.0234399 0.0239903 0.0244996 0.0249567 0.0253501 0.0256693 0.0259048 0.0260493 0.026098 0.0260493 0.0259048 0.0256693 0.0253501 0.0249567 0.0244996 0.0239903 0.0234399 0.0228591 0.0222579 0.0216451 0.0210283 0.0204141 0.0198082 0.0192152 0.0186393 
0.0189882 0.019598 0.0202282 0.0208749 0.021533 0.0221968 0.0228591 0.0235118 0.0241452 0.0247482 0.0253086 0.0258136 0.02625 0.0266051 0.0268677 0.0270291 0.0270836 0.0270291 0.0268677 0.0266051 0.02625 0.0258136 0.0253086 0.0247482 0.0241452 0.0235118 0.0228591 0.0221968 0.021533 0.0208749 0.0202282 0.019598 0.0189882 
0.019317 0.0199601 0.0206272 0.0213142 0.0220163 0.0227273 0.0234399 0.0241452 0.0248327 0.0254902 0.0261041 0.0266595 0.0271413 0.0275347 0.0278265 0.0280061 0.0280667 0.0280061 0.0278265 0.0275347 0.0271413 0.0266595 0.0261041 0.0254902 0.0248327 0.0241452 0.0234399 0.0227273 0.0220163 0.0213142 0.0206272 0.0199601 0.019317 
0.0196215 0.0202964 0.020999 0.0217253 0.0224703 0.0232279 0.0239903 0.0247482 0.0254902 0.0262031 0.0268716 0.027479 0.0280079 0.0284412 0.0287635 0.0289622 0.0290294 0.0289622 0.0287635 0.0284412 0.0280079 0.027479 0.0268716 0.0262031 0.0254902 0.0247482 0.0239903 0.0232279 0.0224703 0.0217253 0.020999 0.0202964 0.0196215 
0.0198969 0.0206017 0.0213378 0.0221012 0.0228871 0.0236892 0.0244996 0.0253086 0.0261041 0.0268716 0.0275944 0.0282538 0.0288303 0.0293041 0.0296573 0.0298756 0.0299495 0.0298756 0.0296573 0.0293041 0.0288303 0.0282538 0.0275944 0.0268716 0.0261041 0.0253086 0.0244996 0.0236892 0.0228871 0.0221012 0.0213378 0.0206017 0.0198969 
0.0201391 0.0208708 0.0216373 0.0224347 0.0232581 0.0241015 0.0249567 0.0258136 0.0266595 0.027479 0.0282538 0.0289635 0.0295861 0.0300994 0.0304832 0.0307207 0.0308012 0.0307207 0.0304832 0.0300994 0.0295861 0.0289635 0.0282538 0.027479 0.0266595 0.0258136 0.0249567 0.0241015 0.0232581 0.0224347 0.0216373 0.0208708 0.0201391 
0.0203437 0.0210987 0.0218917 0.0227188 0.0235753 0.0244551 0.0253501 0.02625 0.0271413 0.0280079 0.0288303 0.0295861 0.0302513 0.0308014 0.0312135 0.0314691 0.0315557 0.0314691 0.0312135 0.0308014 0.0302513 0.0295861 0.0288303 0.0280079 0.0271413 0.02625 0.0253501 0.0244551 0.0235753 0.0227188 0.0218917 0.0210987 0.0203437 
0.0205071 0.0212812 0.0220958 0.0229473 0.0238311 0.0247412 0.0256693 0.0266051 0.0275347 0.0284412 0.0293041 0.0300994 0.0308014 0.0313832 0.0318201 0.0320914 0.0321834 0.0320914 0.0318201 0.0313832 0.0308014 0.0300994 0.0293041 0.0284412 0.0275347 0.0266051 0.0256693 0.0247412 0.0238311 0.0229473 0.0220958 0.0212812 0.0205071 
0.0206262 0.0214144 0.0222451 0.0231148 0.024019 0.0249517 0.0259048 0.0268677 0.0278265 0.0287635 0.0296573 0.0304832 0.0312135 0.0318201 0.0322762 0.0325597 0.032656 0.0325597 0.0322762 0.0318201 0.0312135 0.0304832 0.0296573 0.0287635 0.0278265 0.0268677 0.0259048 0.0249517 0.024019 0.0231148 0.0222451 0.0214144 0.0206262 
0.0206986 0.0214955 0.0223361 0.023217 0.0241338 0.0250806 0.0260493 0.0270291 0.0280061 0.0289622 0.0298756 0.0307207 0.0314691 0.0320914 0.0325597 0.0328511 0.03295 0.0328511 0.0325597 0.0320914 0.0314691 0.0307207 0.0298756 0.0289622 0.0280061 0.0270291 0.0260493 0.0250806 0.0241338 0.023217 0.0223361 0.0214955 0.0206986 
0.0207229 0.0215227 0.0223667 0.0232514 0.0241725 0.025124 0.026098 0.0270836 0.0280667 0.0290294 0.0299495 0.0308012 0.0315557 0.0321834 0.032656 0.03295 0.0330498 0.03295 0.032656 0.0321834 0.0315557 0.0308012 0.0299495 0.0290294 0.0280667 0.0270836 0.026098 0.025124 0.0241725 0.0232514 0.0223667 0.0215227 0.0207229 
0.0206986 0.0214955 0.0223361 0.023217 0.0241338 0.0250806 0.0260493 0.0270291 0.0280061 0.0289622 0.0298756 0.0307207 0.0314691 0.0320914 0.0325597 0.0328511 0.03295 0.0328511 0.0325597 0.0320914 0.0314691 0.0307207 0.0298756 0.0289622 0.0280061 0.0270291 0.0260493 0.0250806 0.0241338 0.023217 0.0223361 0.0214955 0.0206986 
0.0206262 0.0214144 0.0222451 0.0231148 0.024019 0.0249517 0.0259048 0.0268677 0.0278265 0.0287635 0.0296573 0.0304832 0.0312135 0.0318201 0.0322762 0.0325597 0.032656 0.0325597 0.0322762 0.0318201 0.0312135 0.0304832 0.0296573 0.0287635 0.0278265 0.0268677 0.0259048 0.0249517 0.024019 0.0231148 0.0222451 0.0214144 0.0206262 
0.0205071 0.0212812 0.0220958 0.0229473 0.0238311 0.0247412 0.0256693 0.0266051 0.0275347 0.0284412 0.0293041 0.0300994 0.0308014 0.0313832 0.0318201 0.0320914 0.0321834 0.0320914 0.0318201 0.0313832 0.0308014 0.0300994 0.0293041 0.0284412 0.0275347 0.0266051 0.0256693 0.0247412 0.0238311 0.0229473 0.0220958 0.0212812 0.0205071 
0.0203437 0.0210987 0.0218917 0.0227188 0.0235753 0.0244551 0.0253501 0.02625 0.0271413 0.0280079 0.0288303 0.0295861 0.0302513 0.0308014 0.0312135 0.0314691 0.0315557 0.0314691 0.0312135 0.0308014 0.0302513 0.0295861 0.0288303 0.0280079 0.0271413 0.02625 0.0253501 0.0244551 0.0235753 0.0227188 0.0218917 0.0210987 0.0203437 
0.0201391 0.0208708 0.0216373 0.0224347 0.0232581 0.0241015 0.0249567 0.0258136 0.0266595 0.027479 0.0282538 0.0289635 0.0295861 0.0300994 0.0304832 0.0307207 0.0308012 0.0307207 0.0304832 0.0300994 0.0295861 0.0289635 0.0282538 0.027479 0.0266595 0.0258136 0.0249567 0.0241015 0.0232581 0.0224347 0.0216373 0.0208708 0.0201391 
