32
1.06355 1.06487 1.06619 1.06749 1.06877 1.07001 1.07121 1.07235 1.07341 1.07439 1.07527 1.07604 1.07669 1.07721 1.07758 1.07781 1.07788 1.07781 1.07758 1.07721 1.07669 1.07604 1.07527 1.07439 1.07341 1.07235 1.07121 1.07001 1.06877 1.06749 1.06619 1.06487 1.06355 
1.06487 1.06628 1.06769 1.06908 1.07046 1.07179 1.07308 1.07432 1.07547 1.07654 1.0775 1.07834 1.07905 1.07961 1.08002 1.08027 1.08035 1.08027 1.08002 1.07961 1.07905 1.07834 1.0775 1.07654 1.07547 1.07432 1.07308 1.07179 1.07046 1.06908 1.06769 1.06628 1.06487 
1.06619 1.06769 1.06919 1.07068 1.07215 1.07359 1.07498 1.07631 1.07757 1.07872 1.07977 1.08069 1.08146 1.08208 1.08253 1.08281 1.0829 1.08281 1.08253 1.08208 1.08146 1.08069 1.07977 1.07872 1.07757 1.07631 1.07498 1.07359 1.07215 1.07068 1.06919 1.06769 1.06619 
1.06749 1.06908 1.07068 1.07227 1.07385 1.07539 1.07689 1.07833 1.07969 1.08094 1.08208 1.08308 1.08393 1.08461 1.0851 1.0854 1.0855 1.0854 1.0851 1.08461 1.08393 1.08308 1.08208 1.08094 1.07969 1.07833 1.07689 1.07539 1.07385 1.07227 1.07068 1.06908 1.06749 
1.06877 1.07046 1.07215 1.07385 1.07553 1.07719 1.0788 1.08035 1.08182 1.08318 1.08442 1.08551 1.08643 1.08717 1.08771 1.08804 1.08815 1.08804 1.08771 1.08717 1.08643 1.08551 1.08442 1.08318 1.08182 1.08035 1.0788 1.07719 1.07553 1.07385 1.07215 1.07046 1.06877 
1.07001 1.07179 1.07359 1.07539 1.07719 1.07896 1.08069 1.08235 1.08393 1.08541 1.08675 1.08793 1.08894 1.08975 1.09034 1.0907 1.09082 1.0907 1.09034 1.08975 1.08894 1.08793 1.08675 1.08541 1.08393 1.08235 1.08069 1.07896 1.07719 1.07539 1.07359 1.07179 1.07001 
1.07121 1.07308 1.07498 1.07689 1.0788 1.08069 1.08253 1.08432 1.08602 1.08761 1.08906 1.09034 1.09144 1.09231 1.09296 1.09335 1.09348 1.09335 1.09296 1.09231 1.09144 1.09034 1.08906 1.08761 1.08602 1.08432 1.08253 1.08069 1.0788 1.07689 1.07498 1.07308 1.07121 
1.07235 1.07432 1.07631 1.07833 1.08035 1.08235 1.08432 1.08623 1.08805 1.08975 1.09131 1.0927 1.09388 1.09484 1.09553 1.09596 1.0961 1.09596 1.09553 1.09484 1.09388 1.0927 1.09131 1.08975 1.08805 1.08623 1.08432 1.08235 1.08035 1.07833 1.07631 1.07432 1.07235 
1.07341 1.07547 1.07757 1.07969 1.08182 1.08393 1.08602 1.08805 1.08999 1.09181 1.09349 1.09498 1.09625 1.09728 1.09803 1.09849 1.09865 1.09849 1.09803 1.09728 1.09625 1.09498 1.09349 1.09181 1.08999 1.08805 1.08602 1.08393 1.08182 1.07969 1.07757 1.07547 1.07341 
1.07439 1.07654 1.07872 1.08094 1.08318 1.08541 1.08761 1.08975 1.09181 1.09375 1.09554 1.09713 1.09849 1.0996 1.10041 1.1009 1.10107 1.1009 1.10041 1.0996 1.09849 1.09713 1.09554 1.09375 1.09181 1.08975 1.08761 1.08541 1.08318 1.08094 1.07872 1.07654 1.07439 
1.07527 1.0775 1.07977 1.08208 1.08442 1.08675 1.08906 1.09131 1.09349 1.09554 1.09743 1.09912 1.10057 1.10175 1.10261 1.10314 1.10332 1.10314 1.10261 1.10175 1.10057 1.09912 1.09743 1.09554 1.09349 1.09131 1.08906 1.08675 1.08442 1.08208 1.07977 1.0775 1.07527 
1.07604 1.07834 1.08069 1.08308 1.08551 1.08793 1.09034 1.0927 1.09498 1.09713 1.09912 1.1009 1.10244 1.10368 1.1046 1.10516 1.10535 1.10516 1.1046 1.10368 1.10244 1.1009 1.09912 1.09713 1.09498 1.0927 1.09034 1.08793 1.08551 1.08308 1.08069 1.07834 1.07604 
1.07669 1.07905 1.08146 1.08393 1.08643 1.08894 1.09144 1.09388 1.09625 1.09849 1.10057 1.10244 1.10405 1.10535 1.10631 1.1069 1.1071 1.1069 1.10631 1.10535 1.10405 1.10244 1.10057 1.09849 1.09625 1.09388 1.09144 1.08894 1.08643 1.08393 1.08146 1.07905 1.07669 
1.07721 1.07961 1.08208 1.08461 1.08717 1.08975 1.09231 1.09484 1.09728 1.0996 1.10175 1.10368 1.10535 1.1067 1.1077 1.10832 1.10853 1.10832 1.1077 1.1067 1.10535 1.10368 1.10175 1.0996 1.09728 1.09484 1.09231 1.08975 1.08717 1.08461 1.08208 1.07961 1.07721 
1.07758 1.08002 1.08253 1.0851 1.08771 1.09034 1.09296 1.09553 1.09803 1.10041 1.10261 1.1046 1.10631 1.1077 1.10873 1.10937 1.10958 1.10937 1.10873 1.1077 1.10631 1.1046 1.10261 1.10041 1.09803 1.09553 1.09296 1.09034 1.08771 1.0851 1.08253 1.08002 1.07758 
1.07781 1.08027 1.08281 1.0854 1.08804 1.0907 1.09335 1.09596 1.09849 1.1009 1.10314 1.10516 1.1069 1.10832 1.10937 1.11001 1.11023 1.11001 1.10937 1.10832 1.1069 1.10516 1.10314 1.1009 1.09849 1.09596 1.09335 1.0907 1.08804 1.0854 1.08281 1.08027 1.07781 
1.07788 1.08035 1.0829 1.0855 1.08815 1.09082 1.09348 1.0961 1.09865 1.10107 1.10332 1.10535 1.1071 1.10853 1.10958 1.11023 1.11045 1.11023 1.10958 1.10853 1.1071 1.10535 1.10332 1.10107 1.09865 1.0961 1.09348 1.09082 1.08815 1.0855 1.0829 1.08035 1.07788 
1.07781 1.08027 1.08281 1.0854 1.08804 1.0907 1.09335 1.09596 1.09849 1.1009 1.10314 1.10516 1.1069 1.10832 1.10937 1.11001 1.11023 1.11001 1.10937 1.10832 1.1069 1.10516 1.10314 1.1009 1.09849 1.09596 1.09335 1.0907 1.08804 1.0854 1.08281 1.08027 1.07781 
1.07758 1.08002 1.08253 1.0851 1.08771 1.09034 1.09296 1.09553 1.09803 1.10041 1.10261 1.1046 1.10631 1.1077 1.10873 1.10937 1.10958 1.10937 1.10873 1.1077 1.10631 1.1046 1.10261 1.10041 1.09803 1.09553 1.09296 1.09034 1.08771 1.0851 1.08253 1.08002 1.07758 
1.07721 1.07961 1.08208 1.08461 1.08717 1.08975 1.09231 1.09484 1.09728 1.0996 1.10175 1.10368 1.10535 1.1067 1.1077 1.10832 1.10853 1.10832 1.1077 1.1067 1.10535 1.10368 1.10175 1.0996 1.09728 1.09484 1.09231 1.08975 1.08717 1.08461 1.08208 1.07961 1.07721 
1.07669 1.07905 1.08146 1.08393 1.08643 1.08894 1.09144 1.09388 1.09625 1.09849 1.10057 1.10244 1.10405 1.10535 1.10631 1.1069 1.1071 1.1069 1.10631 1.10535 1.10405 1.10244 1.10057 1.09849 1.09625 1.09388 1.09144 1.08894 1.08643 1.08393 1.08146 1.07905 1.07669 
1.07604 1.07834 1.08069 1.08308 1.08551 1.08793 1.09034 1.0927 1.09498 1.09713 1.09912 1.1009 1.10244 1.10368 1.1046 1.10516 1.10535 1.10516 1.1046 1.10368 1.10244 1.1009 1.09912 1.09713 1.09498 1.0927 1.09034 1.08793 1.08551 1.08308 1.08069 1.07834 1.07604 
1.07527 1.0775 1.07977 1.08208 1.08442 1.08675 1.08906 1.09131 1.09349 1.09554 1.09743 1.09912 1.10057 1.10175 1.10261 1.10314 1.10332 1.10314 1.10261 1.10175 1.10057 1.09912 1.09743 1.09554 1.09349 1.09131 1.08906 1.08675 1.08442 1.08208 1.07977 1.0775 1.07527 
1.07439 1.07654 1.07872 1.08094 1.08318 1.08541 1.08761 1.08975 1.09181 1.09375 1.09554 1.09713 1.09849 1.0996 1.10041 1.1009 1.10107 1.1009 1.10041 1.0996 1.09849 1.09713 1.09554 1.09375 1.09181 1.08975 1.08761 1.08541 1.08318 1.08094 1.07872 1.07654 1.07439 
1.07341 1.07547 1.07757 1.07969 1.08182 1.08393 1.08602 1.08805 1.08999 1.09181 1.09349 1.09498 1.09625 1.09728 1.09803 1.09849 1.09865 1.09849 1.09803 1.09728 1.09625 1.09498 1.09349 1.09181 1.08999 1.08805 1.08602 1.08393 1.08182 1.07969 1.07757 1.07547 1.07341 
1.07235 1.07432 1.07631 1.07833 1.08035 1.08235 1.08432 1.08623 1.08805 1.08975 1.09131 1.0927 1.09388 1.09484 1.09553 1.09596 1.0961 1.09596 1.09553 1.09484 1.09388 1.0927 1.09131 1.08975 1.08805 1.08623 1.08432 1.08235 1.08035 1.07833 1.07631 1.07432 1.07235 
1.07121 1.07308 1.07498 1.07689 1.0788 1.08069 1.08253 1.08432 1.08602 1.08761 1.08906 1.09034 1.09144 1.09231 1.09296 1.09335 1.09348 1.09335 1.09296 1.09231 1.09144 1.09034 1.08906 1.08761 1.08602 1.08432 1.08253 1.08069 1.0788 1.07689 1.07498 1.07308 1.07121 
1.07001 1.07179 1.07359 1.07539 1.07719 1.07896 1.08069 1.08235 1.08393 1.08541 1.08675 1.08793 1.08894 1.08975 1.09034 1.0907 1.09082 1.0907 1.09034 1.08975 1.08894 1.08793 1.08675 1.08541 1.08393 1.08235 1.08069 1.07896 1.07719 1.07539 1.07359 1.07179 1.07001 
1.06877 1.07046 1.07215 1.07385 1.07553 1.07719 1.0788 1.08035 1.08182 1.08318 1.08442 1.08551 1.08643 1.08717 1.08771 1.08804 1.08815 1.08804 1.08771 1.08717 1.08643 1.08551 1.08442 1.08318 1.08182 1.08035 1.0788 1.07719 1.07553 1.07385 1.07215 1.07046 1.06877 
1.06749 1.06908 1.07068 1.07227 1.07385 1.07539 1.07689 1.07833 1.07969 1.08094 1.08208 1.08308 1.08393 1.08461 1.0851 1.0854 1.0855 1.0854 1.0851 1.08461 1.08393 1.08308 1.08208 1.08094 1.07969 1.07833 1.07689 1.07539 1.07385 1.07227 1.07068 1.06908 1.06749 
1.06619 1.06769 1.06919 1.07068 1.07215 1.07359 1.07498 1.07631 1.07757 1.07872 1.07977 1.08069 1.08146 1.08208 1.08253 1.08281 1.0829 1.08281 1.08253 1.08208 1.08146 1.08069 1.07977 1.07872 1.07757 1.07631 1.07498 1.07359 1.07215 1.07068 1.06919 1.06769 1.06619 
1.06487 1.06628 1.06769 1.06908 1.07046 1.07179 1.07308 1.07432 1.07547 1.07654 1.0775 1.07834 1.07905 1.07961 1.08002 1.08027 1.08035 1.08027 1.08002 1.07961 1.07905 1.07834 1.0775 1.07654 1.07547 1.07432 1.07308 1.07179 1.07046 1.06908 1.06769 1.06628 1.06487 
1.06355 1.06487 1.06619 1.06749 1.06877 1.07001 1.07121 1.07235 1.07341 1.07439 1.07527 1.07604 1.07669 1.07721 1.07758 1.07781 1.07788 1.07781 1.07758 1.07721 1.07669 1.07604 1.07527 1.07439 1.07341 1.07235 1.07121 1.07001 1.06877 1.06749 1.06619 1.06487 1.06355 

1.06487 1.06628 1.06769 1.06908 1.07046 1.07179 1.07308 1.07432 1.07547 1.07654 1.0775 1.07834 1.07905 1.07961 1.08002 1.08027 1.08035 1.08027 1.08002 1.07961 1.07905 1.07834 1.0775 1.07654 1.07547 1.07432 1.07308 1.07179 1.07046 1.06908 1.06769 1.06628 1.06487 
1.06628 1.06779 1.06929 1.07079 1.07227 1.07372 1.07512 1.07645 1.07771 1.07888 1.07993 1.08085 1.08163 1.08225 1.08271 1.08298 1.08308 1.08298 1.08271 1.08225 1.08163 1.08085 1.07993 1.07888 1.07771 1.07645 1.07512 1.07372 1.07227 1.07079 1.06929 1.06779 1.06628 
1.06769 1.06929 1.0709 1.07251 1.0741 1.07567 1.07718 1.07864 1.08001 1.08128 1.08243 1.08345 1.0843 1.08499 1.08549 1.0858 1.0859 1.0858 1.08549 1.08499 1.0843 1.08345 1.08243 1.08128 1.08001 1.07864 1.07718 1.07567 1.0741 1.07251 1.0709 1.06929 1.06769 
1.06908 1.07079 1.07251 1.07424 1.07595 1.07763 1.07927 1.08085 1.08234 1.08373 1.08499 1.0861 1.08705 1.0878 1.08836 1.08869 1.0888 1.08869 1.08836 1.0878 1.08705 1.0861 1.08499 1.08373 1.08234 1.08085 1.07927 1.07763 1.07595 1.07424 1.07251 1.07079 1.06908 
1.07046 1.07227 1.0741 1.07595 1.07778 1.07959 1.08136 1.08307 1.08469 1.08621 1.08759 1.08881 1.08984 1.09068 1.09128 1.09166 1.09178 1.09166 1.09128 1.09068 1.08984 1.08881 1.08759 1.08621 1.08469 1.08307 1.08136 1.07959 1.07778 1.07595 1.0741 1.07227 1.07046 
1.07179 1.07372 1.07567 1.07763 1.07959 1.08154 1.08344 1.08529 1.08705 1.0887 1.0902 1.09153 1.09267 1.09359 1.09426 1.09466 1.0948 1.09466 1.09426 1.09359 1.09267 1.09153 1.0902 1.0887 1.08705 1.08529 1.08344 1.08154 1.07959 1.07763 1.07567 1.07372 1.07179 
1.07308 1.07512 1.07718 1.07927 1.08136 1.08344 1.08549 1.08748 1.08938 1.09117 1.0928 1.09426 1.0955 1.0965 1.09724 1.09769 1.09784 1.09769 1.09724 1.0965 1.0955 1.09426 1.0928 1.09117 1.08938 1.08748 1.08549 1.08344 1.08136 1.07927 1.07718 1.07512 1.07308 
1.07432 1.07645 1.07864 1.08085 1.08307 1.08529 1.08748 1.08961 1.09166 1.09359 1.09536 1.09694 1.0983 1.09939 1.1002 1.10069 1.10086 1.10069 1.1002 1.09939 1.0983 1.09694 1.09536 1.09359 1.09166 1.08961 1.08748 1.08529 1.08307 1.08085 1.07864 1.07645 1.07432 
1.07547 1.07771 1.08001 1.08234 1.08469 1.08705 1.08938 1.09166 1.09386 1.09593 1.09784 1.09955 1.10102 1.10221 1.10309 1.10362 1.1038 1.10362 1.10309 1.10221 1.10102 1.09955 1.09784 1.09593 1.09386 1.09166 1.08938 1.08705 1.08469 1.08234 1.08001 1.07771 1.07547 
1.07654 1.07888 1.08128 1.08373 1.08621 1.0887 1.09117 1.09359 1.09593 1.09815 1.1002 1.10204 1.10363 1.10491 1.10586 1.10644 1.10663 1.10644 1.10586 1.10491 1.10363 1.10204 1.1002 1.09815 1.09593 1.09359 1.09117 1.0887 1.08621 1.08373 1.08128 1.07888 1.07654 
1.0775 1.07993 1.08243 1.08499 1.08759 1.0902 1.0928 1.09536 1.09784 1.1002 1.10239 1.10435 1.10605 1.10743 1.10845 1.10907 1.10928 1.10907 1.10845 1.10743 1.10605 1.10435 1.10239 1.1002 1.09784 1.09536 1.0928 1.0902 1.08759 1.08499 1.08243 1.07993 1.0775 
1.07834 1.08085 1.08345 1.0861 1.08881 1.09153 1.09426 1.09694 1.09955 1.10204 1.10435 1.10644 1.10824 1.10971 1.1108 1.11146 1.11169 1.11146 1.1108 1.10971 1.10824 1.10644 1.10435 1.10204 1.09955 1.09694 1.09426 1.09153 1.08881 1.0861 1.08345 1.08085 1.07834 
1.07905 1.08163 1.0843 1.08705 1.08984 1.09267 1.0955 1.0983 1.10102 1.10363 1.10605 1.10824 1.11014 1.11169 1.11284 1.11354 1.11378 1.11354 1.11284 1.11169 1.11014 1.10824 1.10605 1.10363 1.10102 1.0983 1.0955 1.09267 1.08984 1.08705 1.0843 1.08163 1.07905 
1.07961 1.08225 1.08499 1.0878 1.09068 1.09359 1.0965 1.09939 1.10221 1.10491 1.10743 1.10971 1.11169 1.11331 1.1145 1.11524 1.11549 1.11524 1.1145 1.11331 1.11169 1.10971 1.10743 1.10491 1.10221 1.09939 1.0965 1.09359 1.09068 1.0878 1.08499 1.08225 1.07961 
1.08002 1.08271 1.08549 1.08836 1.09128 1.09426 1.09724 1.1002 1.10309 1.10586 1.10845 1.1108 1.11284 1.1145 1.11574 1.1165 1.11676 1.1165 1.11574 1.1145 1.11284 1.1108 1.10845 1.10586 1.10309 1.1002 1.09724 1.09426 1.09128 1.08836 1.08549 1.08271 1.08002 
1.08027 1.08298 1.0858 1.08869 1.09166 1.09466 1.09769 1.10069 1.10362 1.10644 1.10907 1.11146 1.11354 1.11524 1.1165 1.11728 1.11754 1.11728 1.1165 1.11524 1.11354 1.11146 1.10907 1.10644 1.10362 1.10069 1.09769 1.09466 1.09166 1.08869 1.0858 1.08298 1.08027 
1.08035 1.08308 1.0859 1.0888 1.09178 1.0948 1.09784 1.10086 1.1038 1.10663 1.10928 1.11169 1.11378 1.11549 1.11676 1.11754 1.11781 1.11754 1.11676 1.11549 1.11378 1.11169 1.10928 1.10663 1.1038 1.10086 1.09784 1.0948 1.09178 1.0888 1.0859 1.08308 1.08035 
1.08027 1.08298 1.0858 1.08869 1.09166 1.09466 1.09769 1.10069 1.10362 1.10644 1.10907 1.11146 1.11354 1.11524 1.1165 1.11728 1.11754 1.11728 1.1165 1.11524 1.11354 1.11146 1.10907 1.10644 1.10362 1.10069 1.09769 1.09466 1.09166 1.08869 1.0858 1.08298 1.08027 
1.08002 1.08271 1.08549 1.08836 1.09128 1.09426 1.09724 1.1002 1.10309 1.10586 1.10845 1.1108 1.11284 1.1145 1.11574 1.1165 1.11676 1.1165 1.11574 1.1145 1.11284 1.1108 1.10845 1.10586 1.10309 1.1002 1.09724 1.09426 1.09128 1.08836 1.08549 1.08271 1.08002 
1.07961 1.08225 1.08499 1.0878 1.09068 1.09359 1.0965 1.09939 1.10221 1.10491 1.10743 1.10971 1.11169 1.11331 1.1145 1.11524 1.11549 1.11524 1.1145 1.11331 1.11169 1.10971 1.10743 1.10491 1.10221 1.09939 1.0965 1.09359 1.09068 1.0878 1.08499 1.08225 1.07961 
1.07905 1.08163 1.0843 1.08705 1.08984 1.09267 1.0955 1.0983 1.10102 1.10363 1.10605 1.10824 1.11014 1.11169 1.11284 1.11354 1.11378 1.11354 1.11284 1.11169 1.11014 1.10824 1.10605 1.10363 1.10102 1.0983 1.0955 1.09267 1.08984 1.08705 1.0843 1.08163 1.07905 
1.07834 1.08085 1.08345 1.0861 1.08881 1.09153 1.09426 1.09694 1.09955 1.10204 1.10435 1.10644 1.10824 1.10971 1.1108 1.11146 1.11169 1.11146 1.1108 1.10971 1.10824 1.10644 1.10435 1.10204 1.09955 1.09694 1.09426 1.09153 1.08881 1.0861 1.08345 1.08085 1.07834 
1.0775 1.07993 1.08243 1.08499 1.08759 1.0902 1.0928 1.09536 1.09784 1.1002 1.10239 1.10435 1.10605 1.10743 1.10845 1.10907 1.10928 1.10907 1.10845 1.10743 1.10605 1.10435 1.10239 1.1002 1.09784 1.09536 1.0928 1.0902 1.08759 1.08499 1.08243 1.07993 1.0775 
1.07654 1.07888 1.08128 1.08373 1.08621 1.0887 1.09117 1.09359 1.09593 1.09815 1.1002 1.10204 1.10363 1.10491 1.10586 1.10644 1.10663 1.10644 1.10586 1.10491 1.10363 1.10204 1.1002 1.09815 1.09593 1.09359 1.09117 1.0887 1.08621 1.08373 1.08128 1.07888 1.07654 
1.07547 1.07771 1.08001 1.08234 1.08469 1.08705 1.08938 1.09166 1.09386 1.09593 1.09784 1.09955 1.10102 1.10221 1.10309 1.10362 1.1038 1.10362 1.10309 1.10221 1.10102 1.09955 1.09784 1.09593 1.09386 1.09166 1.08938 1.08705 1.08469 1.08234 1.08001 1.07771 1.07547 
1.07432 1.07645 1.07864 1.08085 1.08307 1.08529 1.08748 1.08961 1.09166 1.09359 1.09536 1.09694 1.0983 1.09939 1.1002 1.10069 1.10086 1.10069 1.1002 1.09939 1.0983 1.09694 1.09536 1.09359 1.09166 1.08961 1.08748 1.08529 1.08307 1.08085 1.07864 1.07645 1.07432 
1.07308 1.07512 1.07718 1.07927 1.08136 1.08344 1.08549 1.08748 1.08938 1.09117 1.0928 1.09426 1.0955 1.0965 1.09724 1.09769 1.09784 1.09769 1.09724 1.0965 1.0955 1.09426 1.0928 1.09117 1.08938 1.08748 1.08549 1.08344 1.08136 1.07927 1.07718 1.07512 1.07308 
1.07179 1.07372 1.07567 1.07763 1.07959 1.08154 1.08344 1.08529 1.08705 1.0887 1.0902 1.09153 1.09267 1.09359 1.09426 1.09466 1.0948 1.09466 1.09426 1.09359 1.09267 1.09153 1.0902 1.0887 1.08705 1.08529 1.08344 1.08154 1.07959 1.07763 1.07567 1.07372 1.07179 
1.07046 1.07227 1.0741 1.07595 1.07778 1.07959 1.08136 1.08307 1.08469 1.08621 1.08759 1.08881 1.08984 1.09068 1.09128 1.09166 1.09178 1.09166 1.09128 1.09068 1.08984 1.08881 1.08759 1.08621 1.08469 1.08307 1.08136 1.07959 1.07778 1.07595 1.0741 1.07227 1.07046 
1.06908 1.07079 1.07251 1.07424 1.07595 1.07763 1.07927 1.08085 1.08234 1.08373 1.08499 1.0861 1.08705 1.0878 1.08836 1.08869 1.0888 1.08869 1.08836 1.0878 1.08705 1.0861 1.08499 1.08373 1.08234 1.08085 1.07927 1.07763 1.07595 1.07424 1.07251 1.07079 1.06908 
1.06769 1.06929 1.0709 1.07251 1.0741 1.07567 1.07718 1.07864 1.08001 1.08128 1.08243 1.08345 1.0843 1.08499 1.08549 1.0858 1.0859 1.0858 1.08549 1.08499 1.0843 1.08345 1.08243 1.08128 1.08001 1.07864 1.07718 1.07567 1.0741 1.07251 1.0709 1.06929 1.06769 
1.06628 1.06779 1.06929 1.07079 1.07227 1.07372 1.07512 1.07645 1.07771 1.07888 1.07993 1.08085 1.08163 1.08225 1.08271 1.08298 1.08308 1.08298 1.08271 1.08225 1.08163 1.08085 1.07993 1.07888 1.07771 1.07645 1.07512 1.07372 1.07227 1.07079 1.06929 1.06779 1.06628 
1.06487 1.06628 1.06769 1.06908 1.07046 1.07179 1.07308 1.07432 1.07547 1.07654 1.0775 1.07834 1.07905 1.07961 1.08002 1.08027 1.08035 1.08027 1.08002 1.07961 1.07905 1.07834 1.0775 1.07654 1.07547 1.07432 1.07308 1.07179 1.07046 1.06908 1.06769 1.06628 1.06487 

1.06617 1.06767 1.06917 1.07066 1.07213 1.07357 1.07496 1.07629 1.07754 1.0787 1.07974 1.08066 1.08143 1.08205 1.0825 1.08277 1.08286 1.08277 1.0825 1.08205 1.08143 1.08066 1.07974 1.0787 1.07754 1.07629 1.07496 1.07357 1.07213 1.07066 1.06917 1.06767 1.06617 
1.06767 1.06928 1.07089 1.0725 1.07409 1.07565 1.07716 1.07861 1.07998 1.08125 1.0824 1.08341 1.08427 1.08496 1.08545 1.08576 1.08586 1.08576 1.08545 1.08496 1.08427 1.08341 1.0824 1.08125 1.07998 1.07861 1.07716 1.07565 1.07409 1.0725 1.07089 1.06928 1.06767 
1.06917 1.07089 1.07262 1.07435 1.07607 1.07776 1.07941 1.08099 1.08249 1.08388 1.08515 1.08627 1.08722 1.08798 1.08854 1.08887 1.08899 1.08887 1.08854 1.08798 1.08722 1.08627 1.08515 1.08388 1.08249 1.08099 1.07941 1.07776 1.07607 1.07435 1.07262 1.07089 1.06917 
1.07066 1.0725 1.07435 1.07621 1.07806 1.07989 1.08168 1.08341 1.08505 1.08659 1.08798 1.08922 1.09027 1.09111 1.09173 1.0921 1.09223 1.0921 1.09173 1.09111 1.09027 1.08922 1.08798 1.08659 1.08505 1.08341 1.08168 1.07989 1.07806 1.07621 1.07435 1.0725 1.07066 
1.07213 1.07409 1.07607 1.07806 1.08006 1.08204 1.08398 1.08586 1.08765 1.08933 1.09087 1.09223 1.0934 1.09433 1.09502 1.09544 1.09558 1.09544 1.09502 1.09433 1.0934 1.09223 1.09087 1.08933 1.08765 1.08586 1.08398 1.08204 1.08006 1.07806 1.07607 1.07409 1.07213 
1.07357 1.07565 1.07776 1.07989 1.08204 1.08417 1.08627 1.08832 1.09027 1.09211 1.0938 1.0953 1.09658 1.09762 1.09838 1.09884 1.099 1.09884 1.09838 1.09762 1.09658 1.0953 1.0938 1.09211 1.09027 1.08832 1.08627 1.08417 1.08204 1.07989 1.07776 1.07565 1.07357 
1.07496 1.07716 1.07941 1.08168 1.08398 1.08627 1.08854 1.09075 1.09288 1.09489 1.09673 1.09838 1.0998 1.10094 1.10178 1.1023 1.10247 1.1023 1.10178 1.10094 1.0998 1.09838 1.09673 1.09489 1.09288 1.09075 1.08854 1.08627 1.08398 1.08168 1.07941 1.07716 1.07496 
1.07629 1.07861 1.08099 1.08341 1.08586 1.08832 1.09075 1.09314 1.09544 1.09762 1.09964 1.10145 1.103 1.10426 1.10519 1.10576 1.10595 1.10576 1.10519 1.10426 1.103 1.10145 1.09964 1.09762 1.09544 1.09314 1.09075 1.08832 1.08586 1.08341 1.08099 1.07861 1.07629 
1.07754 1.07998 1.08249 1.08505 1.08765 1.09027 1.09288 1.09544 1.09793 1.10029 1.10248 1.10445 1.10614 1.10752 1.10854 1.10917 1.10938 1.10917 1.10854 1.10752 1.10614 1.10445 1.10248 1.10029 1.09793 1.09544 1.09288 1.09027 1.08765 1.08505 1.08249 1.07998 1.07754 
1.0787 1.08125 1.08388 1.08659 1.08933 1.09211 1.09489 1.09762 1.10029 1.10283 1.10519 1.10733 1.10917 1.11067 1.11179 1.11247 1.1127 1.11247 1.11179 1.11067 1.10917 1.10733 1.10519 1.10283 1.10029 1.09762 1.09489 1.09211 1.08933 1.08659 1.08388 1.08125 1.0787 
1.07974 1.0824 1.08515 1.08798 1.09087 1.0938 1.09673 1.09964 1.10248 1.10519 1.10773 1.11002 1.11201 1.11364 1.11485 1.11559 1.11584 1.11559 1.11485 1.11364 1.11201 1.11002 1.10773 1.10519 1.10248 1.09964 1.09673 1.0938 1.09087 1.08798 1.08515 1.0824 1.07974 
1.08066 1.08341 1.08627 1.08922 1.09223 1.0953 1.09838 1.10145 1.10445 1.10733 1.11002 1.11247 1.1146 1.11635 1.11764 1.11844 1.11871 1.11844 1.11764 1.11635 1.1146 1.11247 1.11002 1.10733 1.10445 1.10145 1.09838 1.0953 1.09223 1.08922 1.08627 1.08341 1.08066 
1.08143 1.08427 1.08722 1.09027 1.0934 1.09658 1.0998 1.103 1.10614 1.10917 1.11201 1.1146 1.11686 1.11871 1.12009 1.12094 1.12123 1.12094 1.12009 1.11871 1.11686 1.1146 1.11201 1.10917 1.10614 1.103 1.0998 1.09658 1.0934 1.09027 1.08722 1.08427 1.08143 
1.08205 1.08496 1.08798 1.09111 1.09433 1.09762 1.10094 1.10426 1.10752 1.11067 1.11364 1.11635 1.11871 1.12065 1.1221 1.123 1.1233 1.123 1.1221 1.12065 1.11871 1.11635 1.11364 1.11067 1.10752 1.10426 1.10094 1.09762 1.09433 1.09111 1.08798 1.08496 1.08205 
1.0825 1.08545 1.08854 1.09173 1.09502 1.09838 1.10178 1.10519 1.10854 1.11179 1.11485 1.11764 1.12009 1.1221 1.1236 1.12453 1.12485 1.12453 1.1236 1.1221 1.12009 1.11764 1.11485 1.11179 1.10854 1.10519 1.10178 1.09838 1.09502 1.09173 1.08854 1.08545 1.0825 
1.08277 1.08576 1.08887 1.0921 1.09544 1.09884 1.1023 1.10576 1.10917 1.11247 1.11559 1.11844 1.12094 1.123 1.12453 1.12548 1.1258 1.12548 1.12453 1.123 1.12094 1.11844 1.11559 1.11247 1.10917 1.10576 1.1023 1.09884 1.09544 1.0921 1.08887 1.08576 1.08277 
1.08286 1.08586 1.08899 1.09223 1.09558 1.099 1.10247 1.10595 1.10938 1.1127 1.11584 1.11871 1.12123 1.1233 1.12485 1.1258 1.12613 1.1258 1.12485 1.1233 1.12123 1.11871 1.11584 1.1127 1.10938 1.10595 1.10247 1.099 1.09558 1.09223 1.08899 1.08586 1.08286 
1.08277 1.08576 1.08887 1.0921 1.09544 1.09884 1.1023 1.10576 1.10917 1.11247 1.11559 1.11844 1.12094 1.123 1.12453 1.12548 1.1258 1.12548 1.12453 1.123 1.12094 1.11844 1.11559 1.11247 1.10917 1.10576 1.1023 1.09884 1.09544 1.0921 1.08887 1.08576 1.08277 
1.0825 1.08545 1.08854 1.09173 1.09502 1.09838 1.10178 1.10519 1.10854 1.11179 1.11485 1.11764 1.12009 1.1221 1.1236 1.12453 1.12485 1.12453 1.1236 1.1221 1.12009 1.11764 1.11485 1.11179 1.10854 1.10519 1.10178 1.09838 1.09502 1.09173 1.08854 1.08545 1.0825 
1.08205 1.08496 1.08798 1.09111 1.09433 1.09762 1.10094 1.10426 1.10752 1.11067 1.11364 1.11635 1.11871 1.12065 1.1221 1.123 1.1233 1.123 1.1221 1.12065 1.11871 1.11635 1.11364 1.11067 1.10752 1.10426 1.10094 1.09762 1.09433 1.09111 1.08798 1.08496 1.08205 
1.08143 1.08427 1.08722 1.09027 1.0934 1.09658 1.0998 1.103 1.10614 1.10917 1.11201 1.1146 1.11686 1.11871 1.12009 1.12094 1.12123 1.12094 1.12009 1.11871 1.11686 1.1146 1.11201 1.10917 1.10614 1.103 1.0998 1.09658 1.0934 1.09027 1.08722 1.08427 1.08143 
1.08066 1.08341 1.08627 1.08922 1.09223 1.0953 1.09838 1.10145 1.10445 1.10733 1.11002 1.11247 1.1146 1.11635 1.11764 1.11844 1.11871 1.11844 1.11764 1.11635 1.1146 1.11247 1.11002 1.10733 1.10445 1.10145 1.09838 1.0953 1.09223 1.08922 1.08627 1.08341 1.08066 
1.07974 1.0824 1.08515 1.08798 1.09087 1.0938 1.09673 1.09964 1.10248 1.10519 1.10773 1.11002 1.11201 1.11364 1.11485 1.11559 1.11584 1.11559 1.11485 1.11364 1.11201 1.11002 1.10773 1.10519 1.10248 1.09964 1.09673 1.0938 1.09087 1.08798 1.08515 1.0824 1.07974 
1.0787 1.08125 1.08388 1.08659 1.08933 1.09211 1.09489 1.09762 1.10029 1.10283 1.10519 1.10733 1.10917 1.11067 1.11179 1.11247 1.1127 1.11247 1.11179 1.11067 1.10917 1.10733 1.10519 1.10283 1.10029 1.09762 1.09489 1.09211 1.08933 1.08659 1.08388 1.08125 1.0787 
1.07754 1.07998 1.08249 1.08505 1.08765 1.09027 1.09288 1.09544 1.09793 1.10029 1.10248 1.10445 1.10614 1.10752 1.10854 1.10917 1.10938 1.10917 1.10854 1.10752 1.10614 1.10445 1.10248 1.10029 1.09793 1.09544 1.09288 1.09027 1.08765 1.08505 1.08249 1.07998 1.07754 
1.07629 1.07861 1.08099 1.08341 1.08586 1.08832 1.09075 1.09314 1.09544 1.09762 1.09964 1.10145 1.103 1.10426 1.10519 1.10576 1.10595 1.10576 1.10519 1.10426 1.103 1.10145 1.09964 1.09762 1.09544 1.09314 1.09075 1.08832 1.08586 1.08341 1.08099 1.07861 1.07629 
1.07496 1.07716 1.07941 1.08168 1.08398 1.08627 1.08854 1.09075 1.09288 1.09489 1.09673 1.09838 1.0998 1.10094 1.10178 1.1023 1.10247 1.1023 1.10178 1.10094 1.0998 1.09838 1.09673 1.09489 1.09288 1.09075 1.08854 1.08627 1.08398 1.08168 1.07941 1.07716 1.07496 
1.07357 1.07565 1.07776 1.07989 1.08204 1.08417 1.08627 1.08832 1.09027 1.09211 1.0938 1.0953 1.09658 1.09762 1.09838 1.09884 1.099 1.09884 1.09838 1.09762 1.09658 1.0953 1.0938 1.09211 1.09027 1.08832 1.08627 1.08417 1.08204 1.07989 1.07776 1.07565 1.07357 
1.07213 1.07409 1.07607 1.07806 1.08006 1.08204 1.08398 1.08586 1.08765 1.08933 1.09087 1.09223 1.0934 1.09433 1.09502 1.09544 1.09558 1.09544 1.09502 1.09433 1.0934 1.09223 1.09087 1.08933 1.08765 1.08586 1.08398 1.08204 1.08006 1.07806 1.07607 1.07409 1.07213 
1.07066 1.0725 1.07435 1.07621 1.07806 1.07989 1.08168 1.08341 1.08505 1.08659 1.08798 1.08922 1.09027 1.09111 1.09173 1.0921 1.09223 1.0921 1.09173 1.09111 1.09027 1.08922 1.08798 1.08659 1.08505 1.08341 1.08168 1.07989 1.07806 1.07621 1.07435 1.0725 1.07066 
1.06917 1.07089 1.07262 1.07435 1.07607 1.07776 1.07941 1.08099 1.08249 1.08388 1.08515 1.08627 1.08722 1.08798 1.08854 1.08887 1.08899 1.08887 1.08854 1.08798 1.08722 1.08627 1.08515 1.08388 1.08249 1.08099 1.07941 1.07776 1.07607 1.07435 1.07262 1.07089 1.06917 
1.06767 1.06928 1.07089 1.0725 1.07409 1.07565 1.07716 1.07861 1.07998 1.08125 1.0824 1.08341 1.08427 1.08496 1.08545 1.08576 1.08586 1.08576 1.08545 1.08496 1.08427 1.08341 1.0824 1.08125 1.07998 1.07861 1.07716 1.07565 1.07409 1.0725 1.07089 1.06928 1.06767 
1.06617 1.06767 1.06917 1.07066 1.07213 1.07357 1.07496 1.07629 1.07754 1.0787 1.07974 1.08066 1.08143 1.08205 1.0825 1.08277 1.08286 1.08277 1.0825 1.08205 1.08143 1.08066 1.07974 1.0787 1.07754 1.07629 1.07496 1.07357 1.07213 1.07066 1.06917 1.06767 1.06617 

1.06745 1.06904 1.07063 1.07222 1.0738 1.07534 1.07683 1.07826 1.07961 1.08086 1.082 1.08299 1.08384 1.08451 1.085 1.0853 1.0854 1.0853 1.085 1.08451 1.08384 1.08299 1.082 1.08086 1.07961 1.07826 1.07683 1.07534 1.0738 1.07222 1.07063 1.06904 1.06745 
1.06904 1.07075 1.07246 1.07418 1.07589 1.07757 1.0792 1.08078 1.08226 1.08364 1.0849 1.08601 1.08695 1.0877 1.08825 1.08858 1.0887 1.08858 1.08825 1.0877 1.08695 1.08601 1.0849 1.08364 1.08226 1.08078 1.0792 1.07757 1.07589 1.07418 1.07246 1.07075 1.06904 
1.07063 1.07246 1.07432 1.07617 1.07803 1.07985 1.08164 1.08336 1.085 1.08653 1.08792 1.08915 1.0902 1.09104 1.09166 1.09203 1.09216 1.09203 1.09166 1.09104 1.0902 1.08915 1.08792 1.08653 1.085 1.08336 1.08164 1.07985 1.07803 1.07617 1.07432 1.07246 1.07063 
1.07222 1.07418 1.07617 1.07818 1.08018 1.08217 1.08412 1.08601 1.08781 1.0895 1.09105 1.09242 1.09358 1.09452 1.09521 1.09563 1.09578 1.09563 1.09521 1.09452 1.09358 1.09242 1.09105 1.0895 1.08781 1.08601 1.08412 1.08217 1.08018 1.07818 1.07617 1.07418 1.07222 
1.0738 1.07589 1.07803 1.08018 1.08235 1.08451 1.08664 1.08871 1.09069 1.09255 1.09426 1.09578 1.09708 1.09813 1.09891 1.09938 1.09954 1.09938 1.09891 1.09813 1.09708 1.09578 1.09426 1.09255 1.09069 1.08871 1.08664 1.08451 1.08235 1.08018 1.07803 1.07589 1.0738 
1.07534 1.07757 1.07985 1.08217 1.08451 1.08685 1.08916 1.09142 1.09359 1.09564 1.09754 1.09923 1.10068 1.10185 1.10271 1.10324 1.10342 1.10324 1.10271 1.10185 1.10068 1.09923 1.09754 1.09564 1.09359 1.09142 1.08916 1.08685 1.08451 1.08217 1.07985 1.07757 1.07534 
1.07683 1.0792 1.08164 1.08412 1.08664 1.08916 1.09167 1.09413 1.09651 1.09876 1.10085 1.10272 1.10433 1.10564 1.1066 1.10719 1.10739 1.10719 1.1066 1.10564 1.10433 1.10272 1.10085 1.09876 1.09651 1.09413 1.09167 1.08916 1.08664 1.08412 1.08164 1.0792 1.07683 
1.07826 1.08078 1.08336 1.08601 1.08871 1.09142 1.09413 1.0968 1.09939 1.10186 1.10415 1.10622 1.108 1.10945 1.11053 1.11119 1.11141 1.11119 1.11053 1.10945 1.108 1.10622 1.10415 1.10186 1.09939 1.0968 1.09413 1.09142 1.08871 1.08601 1.08336 1.08078 1.07826 
1.07961 1.08226 1.085 1.08781 1.09069 1.09359 1.09651 1.09939 1.1022 1.10489 1.1074 1.10967 1.11164 1.11324 1.11444 1.11517 1.11542 1.11517 1.11444 1.11324 1.11164 1.10967 1.1074 1.10489 1.1022 1.09939 1.09651 1.09359 1.09069 1.08781 1.085 1.08226 1.07961 
1.08086 1.08364 1.08653 1.0895 1.09255 1.09564 1.09876 1.10186 1.10489 1.1078 1.11053 1.11301 1.11517 1.11694 1.11825 1.11906 1.11933 1.11906 1.11825 1.11694 1.11517 1.11301 1.11053 1.1078 1.10489 1.10186 1.09876 1.09564 1.09255 1.0895 1.08653 1.08364 1.08086 
1.082 1.0849 1.08792 1.09105 1.09426 1.09754 1.10085 1.10415 1.1074 1.11053 1.11348 1.11617 1.11852 1.12045 1.12189 1.12277 1.12307 1.12277 1.12189 1.12045 1.11852 1.11617 1.11348 1.11053 1.1074 1.10415 1.10085 1.09754 1.09426 1.09105 1.08792 1.0849 1.082 
1.08299 1.08601 1.08915 1.09242 1.09578 1.09923 1.10272 1.10622 1.10967 1.11301 1.11617 1.11906 1.12159 1.12368 1.12524 1.1262 1.12653 1.1262 1.12524 1.12368 1.12159 1.11906 1.11617 1.11301 1.10967 1.10622 1.10272 1.09923 1.09578 1.09242 1.08915 1.08601 1.08299 
1.08384 1.08695 1.0902 1.09358 1.09708 1.10068 1.10433 1.108 1.11164 1.11517 1.11852 1.12159 1.1243 1.12653 1.1282 1.12923 1.12958 1.12923 1.1282 1.12653 1.1243 1.12159 1.11852 1.11517 1.11164 1.108 1.10433 1.10068 1.09708 1.09358 1.0902 1.08695 1.08384 
1.08451 1.0877 1.09104 1.09452 1.09813 1.10185 1.10564 1.10945 1.11324 1.11694 1.12045 1.12368 1.12653 1.12889 1.13065 1.13175 1.13212 1.13175 1.13065 1.12889 1.12653 1.12368 1.12045 1.11694 1.11324 1.10945 1.10564 1.10185 1.09813 1.09452 1.09104 1.0877 1.08451 
1.085 1.08825 1.09166 1.09521 1.09891 1.10271 1.1066 1.11053 1.11444 1.11825 1.12189 1.12524 1.1282 1.13065 1.1325 1.13364 1.13403 1.13364 1.1325 1.13065 1.1282 1.12524 1.12189 1.11825 1.11444 1.11053 1.1066 1.10271 1.09891 1.09521 1.09166 1.08825 1.085 
1.0853 1.08858 1.09203 1.09563 1.09938 1.10324 1.10719 1.11119 1.11517 1.11906 1.12277 1.1262 1.12923 1.13175 1.13364 1.13481 1.13521 1.13481 1.13364 1.13175 1.12923 1.1262 1.12277 1.11906 1.11517 1.11119 1.10719 1.10324 1.09938 1.09563 1.09203 1.08858 1.0853 
1.0854 1.0887 1.09216 1.09578 1.09954 1.10342 1.10739 1.11141 1.11542 1.11933 1.12307 1.12653 1.12958 1.13212 1.13403 1.13521 1.13561 1.13521 1.13403 1.13212 1.12958 1.12653 1.12307 1.11933 1.11542 1.11141 1.10739 1.10342 1.09954 1.09578 1.09216 1.0887 1.0854 
1.0853 1.08858 1.09203 1.09563 1.09938 1.10324 1.10719 1.11119 1.11517 1.11906 1.12277 1.1262 1.12923 1.13175 1.13364 1.13481 1.13521 1.13481 1.13364 1.13175 1.12923 1.1262 1.12277 1.11906 1.11517 1.11119 1.10719 1.10324 1.09938 1.09563 1.09203 1.08858 1.0853 
1.085 1.08825 1.09166 1.09521 1.09891 1.10271 1.1066 1.11053 1.11444 1.11825 1.12189 1.12524 1.1282 1.13065 1.1325 1.13364 1.13403 1.13364 1.1325 1.13065 1.1282 1.12524 1.12189 1.11825 1.11444 1.11053 1.1066 1.10271 1.09891 1.09521 1.09166 1.08825 1.085 
1.08451 1.0877 1.09104 1.09452 1.09813 1.10185 1.10564 1.10945 1.11324 1.11694 1.12045 1.12368 1.12653 1.12889 1.13065 1.13175 1.13212 1.13175 1.13065 1.12889 1.12653 1.12368 1.12045 1.11694 1.11324 1.10945 1.10564 1.10185 1.09813 1.09452 1.09104 1.0877 1.08451 
1.08384 1.08695 1.0902 1.09358 1.09708 1.10068 1.10433 1.108 1.11164 1.11517 1.11852 1.12159 1.1243 1.12653 1.1282 1.12923 1.12958 1.12923 1.1282 1.12653 1.1243 1.12159 1.11852 1.11517 1.11164 1.108 1.10433 1.10068 1.09708 1.09358 1.0902 1.08695 1.08384 
1.08299 1.08601 1.08915 1.09242 1.09578 1.09923 1.10272 1.10622 1.10967 1.11301 1.11617 1.11906 1.12159 1.12368 1.12524 1.1262 1.12653 1.1262 1.12524 1.12368 1.12159 1.11906 1.11617 1.11301 1.10967 1.10622 1.10272 1.09923 1.09578 1.09242 1.08915 1.08601 1.08299 
1.082 1.0849 1.08792 1.09105 1.09426 1.09754 1.10085 1.10415 1.1074 1.11053 1.11348 1.11617 1.11852 1.12045 1.12189 1.12277 1.12307 1.12277 1.12189 1.12045 1.11852 1.11617 1.11348 1.11053 1.1074 1.10415 1.10085 1.09754 1.09426 1.09105 1.08792 1.0849 1.082 
1.08086 1.08364 1.08653 1.0895 1.09255 1.09564 1.09876 1.10186 1.10489 1.1078 1.11053 1.11301 1.11517 1.11694 1.11825 1.11906 1.11933 1.11906 1.11825 1.11694 1.11517 1.11301 1.11053 1.1078 1.10489 1.10186 1.09876 1.09564 1.09255 1.0895 1.08653 1.08364 1.08086 
1.07961 1.08226 1.085 1.08781 1.09069 1.09359 1.09651 1.09939 1.1022 1.10489 1.1074 1.10967 1.11164 1.11324 1.11444 1.11517 1.11542 1.11517 1.11444 1.11324 1.11164 1.10967 1.1074 1.10489 1.1022 1.09939 1.09651 1.09359 1.09069 1.08781 1.085 1.08226 1.07961 
1.07826 1.08078 1.08336 1.08601 1.08871 1.09142 1.09413 1.0968 1.09939 1.10186 1.10415 1.10622 1.108 1.10945 1.11053 1.11119 1.11141 1.11119 1.11053 1.10945 1.108 1.10622 1.10415 1.10186 1.09939 1.0968 1.09413 1.09142 1.08871 1.08601 1.08336 1.08078 1.07826 
1.07683 1.0792 1.08164 1.08412 1.08664 1.08916 1.09167 1.09413 1.09651 1.09876 1.10085 1.10272 1.10433 1.10564 1.1066 1.10719 1.10739 1.10719 1.1066 1.10564 1.10433 1.10272 1.10085 1.09876 1.09651 1.09413 1.09167 1.08916 1.08664 1.08412 1.08164 1.0792 1.07683 
1.07534 1.07757 1.07985 1.08217 1.08451 1.08685 1.08916 1.09142 1.09359 1.09564 1.09754 1.09923 1.10068 1.10185 1.10271 1.10324 1.10342 1.10324 1.10271 1.10185 1.10068 1.09923 1.09754 1.09564 1.09359 1.09142 1.08916 1.08685 1.08451 1.08217 1.07985 1.07757 1.07534 
1.0738 1.07589 1.07803 1.08018 1.08235 1.08451 1.08664 1.08871 1.09069 1.09255 1.09426 1.09578 1.09708 1.09813 1.09891 1.09938 1.09954 1.09938 1.09891 1.09813 1.09708 1.09578 1.09426 1.09255 1.09069 1.08871 1.08664 1.08451 1.08235 1.08018 1.07803 1.07589 1.0738 
1.07222 1.07418 1.07617 1.07818 1.08018 1.08217 1.08412 1.08601 1.08781 1.0895 1.09105 1.09242 1.09358 1.09452 1.09521 1.09563 1.09578 1.09563 1.09521 1.09452 1.09358 1.09242 1.09105 1.0895 1.08781 1.08601 1.08412 1.08217 1.08018 1.07818 1.07617 1.07418 1.07222 
1.07063 1.07246 1.07432 1.07617 1.07803 1.07985 1.08164 1.08336 1.085 1.08653 1.08792 1.08915 1.0902 1.09104 1.09166 1.09203 1.09216 1.09203 1.09166 1.09104 1.0902 1.08915 1.08792 1.08653 1.085 1.08336 1.08164 1.07985 1.07803 1.07617 1.07432 1.07246 1.07063 
1.06904 1.07075 1.07246 1.07418 1.07589 1.07757 1.0792 1.08078 1.08226 1.08364 1.0849 1.08601 1.08695 1.0877 1.08825 1.08858 1.0887 1.08858 1.08825 1.0877 1.08695 1.08601 1.0849 1.08364 1.08226 1.08078 1.0792 1.07757 1.07589 1.07418 1.07246 1.07075 1.06904 
1.06745 1.06904 1.07063 1.07222 1.0738 1.07534 1.07683 1.07826 1.07961 1.08086 1.082 1.08299 1.08384 1.08451 1.085 1.0853 1.0854 1.0853 1.085 1.08451 1.08384 1.08299 1.082 1.08086 1.07961 1.07826 1.07683 1.07534 1.0738 1.07222 1.07063 1.06904 1.06745 

1.06868 1.07037 1.07206 1.07375 1.07543 1.07707 1.07868 1.08021 1.08167 1.08302 1.08424 1.08533 1.08624 1.08697 1.08751 1.08783 1.08794 1.08783 1.08751 1.08697 1.08624 1.08533 1.08424 1.08302 1.08167 1.08021 1.07868 1.07707 1.07543 1.07375 1.07206 1.07037 1.06868 
1.07037 1.07218 1.07401 1.07585 1.07767 1.07947 1.08123 1.08293 1.08454 1.08604 1.08741 1.08862 1.08965 1.09047 1.09107 1.09144 1.09156 1.09144 1.09107 1.09047 1.08965 1.08862 1.08741 1.08604 1.08454 1.08293 1.08123 1.07947 1.07767 1.07585 1.07401 1.07218 1.07037 
1.07206 1.07401 1.07599 1.07798 1.07997 1.08194 1.08387 1.08574 1.08752 1.08919 1.09072 1.09207 1.09323 1.09415 1.09483 1.09525 1.09539 1.09525 1.09483 1.09415 1.09323 1.09207 1.09072 1.08919 1.08752 1.08574 1.08387 1.08194 1.07997 1.07798 1.07599 1.07401 1.07206 
1.07375 1.07585 1.07798 1.08013 1.0823 1.08445 1.08657 1.08863 1.09061 1.09246 1.09417 1.09568 1.09698 1.09803 1.09879 1.09926 1.09942 1.09926 1.09879 1.09803 1.09698 1.09568 1.09417 1.09246 1.09061 1.08863 1.08657 1.08445 1.0823 1.08013 1.07798 1.07585 1.07375 
1.07543 1.07767 1.07997 1.0823 1.08465 1.08699 1.08932 1.09159 1.09377 1.09583 1.09773 1.09943 1.10089 1.10207 1.10294 1.10347 1.10365 1.10347 1.10294 1.10207 1.10089 1.09943 1.09773 1.09583 1.09377 1.09159 1.08932 1.08699 1.08465 1.0823 1.07997 1.07767 1.07543 
1.07707 1.07947 1.08194 1.08445 1.08699 1.08955 1.09209 1.09458 1.09699 1.09928 1.1014 1.1033 1.10494 1.10627 1.10725 1.10785 1.10805 1.10785 1.10725 1.10627 1.10494 1.1033 1.1014 1.09928 1.09699 1.09458 1.09209 1.08955 1.08699 1.08445 1.08194 1.07947 1.07707 
1.07868 1.08123 1.08387 1.08657 1.08932 1.09209 1.09486 1.09759 1.10025 1.10278 1.10513 1.10726 1.10909 1.11059 1.11169 1.11238 1.1126 1.11238 1.11169 1.11059 1.10909 1.10726 1.10513 1.10278 1.10025 1.09759 1.09486 1.09209 1.08932 1.08657 1.08387 1.08123 1.07868 
1.08021 1.08293 1.08574 1.08863 1.09159 1.09458 1.09759 1.10057 1.10349 1.10628 1.10889 1.11125 1.11331 1.11499 1.11623 1.117 1.11726 1.117 1.11623 1.11499 1.11331 1.11125 1.10889 1.10628 1.10349 1.10057 1.09759 1.09458 1.09159 1.08863 1.08574 1.08293 1.08021 
1.08167 1.08454 1.08752 1.09061 1.09377 1.09699 1.10025 1.10349 1.10667 1.10973 1.11261 1.11524 1.11752 1.1194 1.1208 1.12166 1.12195 1.12166 1.1208 1.1194 1.11752 1.11524 1.11261 1.10973 1.10667 1.10349 1.10025 1.09699 1.09377 1.09061 1.08752 1.08454 1.08167 
1.08302 1.08604 1.08919 1.09246 1.09583 1.09928 1.10278 1.10628 1.10973 1.11308 1.11624 1.11913 1.12166 1.12375 1.12531 1.12627 1.12659 1.12627 1.12531 1.12375 1.12166 1.11913 1.11624 1.11308 1.10973 1.10628 1.10278 1.09928 1.09583 1.09246 1.08919 1.08604 1.08302 
1.08424 1.08741 1.09072 1.09417 1.09773 1.1014 1.10513 1.10889 1.11261 1.11624 1.11968 1.12284 1.12563 1.12793 1.12965 1.13072 1.13108 1.13072 1.12965 1.12793 1.12563 1.12284 1.11968 1.11624 1.11261 1.10889 1.10513 1.1014 1.09773 1.09417 1.09072 1.08741 1.08424 
1.08533 1.08862 1.09207 1.09568 1.09943 1.1033 1.10726 1.11125 1.11524 1.11913 1.12284 1.12627 1.1293 1.13182 1.1337 1.13488 1.13528 1.13488 1.1337 1.13182 1.1293 1.12627 1.12284 1.11913 1.11524 1.11125 1.10726 1.1033 1.09943 1.09568 1.09207 1.08862 1.08533 
1.08624 1.08965 1.09323 1.09698 1.10089 1.10494 1.10909 1.11331 1.11752 1.12166 1.12563 1.1293 1.13256 1.13528 1.13732 1.13859 1.13903 1.13859 1.13732 1.13528 1.13256 1.1293 1.12563 1.12166 1.11752 1.11331 1.10909 1.10494 1.10089 1.09698 1.09323 1.08965 1.08624 
1.08697 1.09047 1.09415 1.09803 1.10207 1.10627 1.11059 1.11499 1.1194 1.12375 1.12793 1.13182 1.13528 1.13817 1.14035 1.14171 1.14217 1.14171 1.14035 1.13817 1.13528 1.13182 1.12793 1.12375 1.1194 1.11499 1.11059 1.10627 1.10207 1.09803 1.09415 1.09047 1.08697 
1.08751 1.09107 1.09483 1.09879 1.10294 1.10725 1.11169 1.11623 1.1208 1.12531 1.12965 1.1337 1.13732 1.14035 1.14264 1.14407 1.14455 1.14407 1.14264 1.14035 1.13732 1.1337 1.12965 1.12531 1.1208 1.11623 1.11169 1.10725 1.10294 1.09879 1.09483 1.09107 1.08751 
1.08783 1.09144 1.09525 1.09926 1.10347 1.10785 1.11238 1.117 1.12166 1.12627 1.13072 1.13488 1.13859 1.14171 1.14407 1.14554 1.14604 1.14554 1.14407 1.14171 1.13859 1.13488 1.13072 1.12627 1.12166 1.117 1.11238 1.10785 1.10347 1.09926 1.09525 1.09144 1.08783 
1.08794 1.09156 1.09539 1.09942 1.10365 1.10805 1.1126 1.11726 1.12195 1.12659 1.13108 1.13528 1.13903 1.14217 1.14455 1.14604 1.14655 1.14604 1.14455 1.14217 1.13903 1.13528 1.13108 1.12659 1.12195 1.11726 1.1126 1.10805 1.10365 1.09942 1.09539 1.09156 1.08794 
1.08783 1.09144 1.09525 1.09926 1.10347 1.10785 1.11238 1.117 1.12166 1.12627 1.13072 1.13488 1.13859 1.14171 1.14407 1.14554 1.14604 1.14554 1.14407 1.14171 1.13859 1.13488 1.13072 1.12627 1.12166 1.117 1.11238 1.10785 1.10347 1.09926 1.09525 1.09144 1.08783 
1.08751 1.09107 1.09483 1.09879 1.10294 1.10725 1.11169 1.11623 1.1208 1.12531 1.12965 1.1337 1.13732 1.14035 1.14264 1.14407 1.14455 1.14407 1.14264 1.14035 1.13732 1.1337 1.12965 1.12531 1.1208 1.11623 1.11169 1.10725 1.10294 1.09879 1.09483 1.09107 1.08751 
1.08697 1.09047 1.09415 1.09803 1.10207 1.10627 1.11059 1.11499 1.1194 1.12375 1.12793 1.13182 1.13528 1.13817 1.14035 1.14171 1.14217 1.14171 1.14035 1.13817 1.13528 1.13182 1.12793 1.12375 1.1194 1.11499 1.11059 1.10627 1.10207 1.09803 1.09415 1.09047 1.08697 
1.08624 1.08965 1.09323 1.09698 1.10089 1.10494 1.10909 1.11331 1.11752 1.12166 1.12563 1.1293 1.13256 1.13528 1.13732 1.13859 1.13903 1.13859 1.13732 1.13528 1.13256 1.1293 1.12563 1.12166 1.11752 1.11331 1.10909 1.10494 1.10089 1.09698 1.09323 1.08965 1.08624 
